Tarih,Boy,Kilo,Beden,Yorum,Ürün Adı
08 Mart 2025,Boy: 168cm,Kilo: 85kg,Beden: 46,Bayıldımmm tiril tirif efsoooo çok beğendim,Trendyol Curve Çok Renkli Çiçekli Ayarlanabilir Askılı Saten Maxi Dokuma Büyük Beden Elbise
12 Şubat 2025,Boy: 156cm,Kilo: 80kg,Beden: 44,harika bir elbise bayıldım,Trendyol Curve Çok Renkli Çiçekli Ayarlanabilir Askılı Saten Maxi Dokuma Büyük Beden Elbise
10 Şubat 2025,Bilgi mevcut değil,Bilgi mevcut değil,Beden: 40,bayıldım alın alın,TRENDYOLMİLLA Mor Düz  Dokuma Elbise TWOAW24EL00737
15 Kasım 2024,Bilgi mevcut değil,Bilgi mevcut değil,size: 42,Elbise çok güzel ama bana kısa geldi iade ettim,TRENDYOLMİLLA Mor Düz  Dokuma Elbise TWOAW24EL00737
13 Kasım 2024,Boy: 171cm,Kilo: 53kg,Bilgi mevcut değil,"Çok güzel elbise ama rengi fotoğraftaki gibi canlı değil soluktu, herhalde kumaşından dolayı.",TRENDYOLMİLLA Mor Düz  Dokuma Elbise TWOAW24EL00737
07 Mart 2025,Boy: 160cm,Kilo: 70kg,Beden: 42,"Elbise güzel ancak bu tip elbiselerde neden göğüs bu kadar açık olmak zorunda model guzel yaka acik yaka ignesi potlik yapıyor, dikilmez icine body ile giysen olmaz... Yakaları bu kadar acmayin lütfen",TRENDYOLMİLLA Mor Düz  Dokuma Elbise TWOAW24EL00737
15 Şubat 2025,Boy: 155cm,Kilo: 70kg,Beden: 40,Bir beden buyuk alin,TRENDYOLMİLLA Mor Düz  Dokuma Elbise TWOAW24EL00737
02 Şubat 2025,Boy: 160cm,Kilo: 56kg,Beden: 38,Tam olarak görüldüğü gibi geldi rengi kumaşı harika .. kargo zaten hızlı millanın bu hızına hayranım .. 🙏🏻💜,TRENDYOLMİLLA Mor Düz  Dokuma Elbise TWOAW24EL00737
23 Aralık 2024,Bilgi mevcut değil,Bilgi mevcut değil,Beden: 34,Önü çok açık beğenmedim.,TRENDYOLMİLLA Mor Düz  Dokuma Elbise TWOAW24EL00737
03 Aralık 2024,Boy: 166cm,Kilo: 58kg,size: 38,Ben bu elbisenin 3 rengini de aldım. Özel terziye diktirsem bu kadar uymaz bedenime,TRENDYOLMİLLA Mor Düz  Dokuma Elbise TWOAW24EL00737
02 Aralık 2024,Boy: 165cm,Kilo: 58kg,size: 36,"165/58 36 beden Üst kısmı biraz dar boyu da bir tık kısa, yaka ve etek mecbur tadilat gerekli açılıyor",TRENDYOLMİLLA Mor Düz  Dokuma Elbise TWOAW24EL00737
25 Ekim 2024,Boy: 165cm,Kilo: 65kg,size: 38,Ürünün kumaşını çok beğendim hafif esnek 1.65 boy 65 kg 38 beden sipariş ettim göğüs kısmından ufak bi tadilat gerekiyor,TRENDYOLMİLLA Mor Düz  Dokuma Elbise TWOAW24EL00737
03 Ekim 2024,Boy: 168cm,Kilo: 88kg,Beden: 42,Rengi çok kötü burada göründüğü gibi değil,TRENDYOLMİLLA Mor Düz  Dokuma Elbise TWOAW24EL00737
08 Mart 2025,Boy: 175cm,Kilo: 58kg,Beden: 36,Göğüs kısmı açık evet ama onu bilerek aldım halledilir. Sadece arka bel kısmı hoşuma gitmedi lastik görüntüsü. Onun haricinde güzel. 36 beden aldım 38 alsaydım daha iyi olurmuş.,TRENDYOLMİLLA Mor Düz  Dokuma Elbise TWOAW24EL00737
09 Şubat 2025,Boy: 170cm,Kilo: 65kg,Beden: 42,Kumaşı çok kötü kolları uzun resimdeki gibi ağır durmuyo modeli iade👎👎,TRENDYOLMİLLA Mor Düz  Dokuma Elbise TWOAW24EL00737
28 Ocak 2025,Boy: 155cm,Kilo: 55kg,Beden: 36,Güzel ürün beğendim önü biraz açık tadilat gerekebilir,TRENDYOLMİLLA Mor Düz  Dokuma Elbise TWOAW24EL00737
21 Aralık 2024,Bilgi mevcut değil,Bilgi mevcut değil,Beden: 40,urun guzel kalip dar biraz,TRENDYOLMİLLA Mor Düz  Dokuma Elbise TWOAW24EL00737
21 Kasım 2024,Boy: 165cm,Kilo: 57kg,size: 36,Ben beğendim 56 kilo S beden aldım gayet iyi oldu,TRENDYOLMİLLA Mor Düz  Dokuma Elbise TWOAW24EL00737
05 Eylül 2024,Bilgi mevcut değil,Bilgi mevcut değil,Beden: S,"172 boy 57 kg için S beden aldim. Ne bol ne dar oldu. oldukça şık ,düşünmeden alin",TRENDYOLMİLLA Haki Gipeli Skater/Belden Açılan V Yaka Kolsuz Bürümcük/Dokulu Esnek Örme Midi Elbise TWOSS24EL00883
20 Ağustos 2024,Boy: 170cm,Kilo: 90kg,Beden: XL,"normalde 44-46 giymeme rağmen xl aldım ve tam oldu , oldukça elastik bir yapısı var . çok hoş bir elbise.",TRENDYOLMİLLA Haki Gipeli Skater/Belden Açılan V Yaka Kolsuz Bürümcük/Dokulu Esnek Örme Midi Elbise TWOSS24EL00883
13 Ağustos 2024,Boy: 157cm,Kilo: 50kg,Beden: L,Ürün güzel ancak beden sorunu var iade etmek zorunda kaldık,TRENDYOLMİLLA Haki Gipeli Skater/Belden Açılan V Yaka Kolsuz Bürümcük/Dokulu Esnek Örme Midi Elbise TWOSS24EL00883
11 Ağustos 2024,Boy: 165cm,Kilo: 75kg,Beden: XL,Bence çok güzel 82 kilo 166 boyundayım xl aldım,TRENDYOLMİLLA Haki Gipeli Skater/Belden Açılan V Yaka Kolsuz Bürümcük/Dokulu Esnek Örme Midi Elbise TWOSS24EL00883
08 Ağustos 2024,Bilgi mevcut değil,Bilgi mevcut değil,Beden: M,elbise güzel kumaşıda iyi tiril tiril 1.63 60 kilo m almıştım ama s de olurmuş iadeyle uğraşmıcam,TRENDYOLMİLLA Haki Gipeli Skater/Belden Açılan V Yaka Kolsuz Bürümcük/Dokulu Esnek Örme Midi Elbise TWOSS24EL00883
08 Ağustos 2024,Bilgi mevcut değil,Bilgi mevcut değil,Beden: S,"iç göstermiyor, çok güzel 1.58 54 kilo ayak bileğine yakın oldu",TRENDYOLMİLLA Haki Gipeli Skater/Belden Açılan V Yaka Kolsuz Bürümcük/Dokulu Esnek Örme Midi Elbise TWOSS24EL00883
07 Ağustos 2024,Boy: 171cm,Kilo: 77kg,Beden: L,Çok iyi kocam sigarasıyla yaktığı için giydiğim gibi çöp oldu yeniden sipariş verdim,TRENDYOLMİLLA Haki Gipeli Skater/Belden Açılan V Yaka Kolsuz Bürümcük/Dokulu Esnek Örme Midi Elbise TWOSS24EL00883
26 Temmuz 2024,Bilgi mevcut değil,Bilgi mevcut değil,Beden: XL,ürün göründüğünden daha da kaliteli ve güzel. tam yazlık bir elbise. iç göstermiyor. çok kullanışlı..,TRENDYOLMİLLA Haki Gipeli Skater/Belden Açılan V Yaka Kolsuz Bürümcük/Dokulu Esnek Örme Midi Elbise TWOSS24EL00883
25 Temmuz 2024,Bilgi mevcut değil,Bilgi mevcut değil,Beden: M,Ürün güzeldi sadece beldeki büzgüden dolayı duruşu kambur gibi gösteriyor onun için iade,TRENDYOLMİLLA Haki Gipeli Skater/Belden Açılan V Yaka Kolsuz Bürümcük/Dokulu Esnek Örme Midi Elbise TWOSS24EL00883
21 Temmuz 2024,Boy: 165cm,Kilo: 55kg,Beden: M,Biraz endişeli almıştım ama harika bir ürün yaz için dolapta olması gereken bir elbise,TRENDYOLMİLLA Haki Gipeli Skater/Belden Açılan V Yaka Kolsuz Bürümcük/Dokulu Esnek Örme Midi Elbise TWOSS24EL00883
11 Temmuz 2024,Boy: 156cm,Kilo: 53kg,Beden: S,Kumaşı terlettı sıcakta yaktı ama güzel duruyor ben altına ne olur ne olmaz diye yarım astar etek gıydım 156 50 kıloyum s aldım tam oldu,TRENDYOLMİLLA Haki Gipeli Skater/Belden Açılan V Yaka Kolsuz Bürümcük/Dokulu Esnek Örme Midi Elbise TWOSS24EL00883
10 Temmuz 2024,Boy: 167cm,Kilo: 74kg,Beden: XL,sırt kısmı içi çok belli ediyor. rengi cildime gitmedi soluk durdu. kumaşı yumuşak rahat,TRENDYOLMİLLA Haki Gipeli Skater/Belden Açılan V Yaka Kolsuz Bürümcük/Dokulu Esnek Örme Midi Elbise TWOSS24EL00883
03 Temmuz 2024,Bilgi mevcut değil,Bilgi mevcut değil,Beden: L,Gayet rahat günlük,TRENDYOLMİLLA Haki Gipeli Skater/Belden Açılan V Yaka Kolsuz Bürümcük/Dokulu Esnek Örme Midi Elbise TWOSS24EL00883
28 Haziran 2024,Boy: 163cm,Kilo: 51kg,Beden: XS,ÇOK GÜZEL TAM BEDEN KEŞKE BAŞKA RENKLERİ OLSA ♥️,TRENDYOLMİLLA Haki Gipeli Skater/Belden Açılan V Yaka Kolsuz Bürümcük/Dokulu Esnek Örme Midi Elbise TWOSS24EL00883
26 Haziran 2024,Bilgi mevcut değil,Bilgi mevcut değil,Beden: M,üst kısmı biraz dar. iç belli ediyor.,TRENDYOLMİLLA Haki Gipeli Skater/Belden Açılan V Yaka Kolsuz Bürümcük/Dokulu Esnek Örme Midi Elbise TWOSS24EL00883
25 Haziran 2024,Bilgi mevcut değil,Bilgi mevcut değil,Beden: L,Lbeden aldım.cok rahat.kumaşısa çok güzel.tril tril.fiyatına göre şahane bir elbise .giy cik,TRENDYOLMİLLA Haki Gipeli Skater/Belden Açılan V Yaka Kolsuz Bürümcük/Dokulu Esnek Örme Midi Elbise TWOSS24EL00883
25 Haziran 2024,Bilgi mevcut değil,Bilgi mevcut değil,Beden: XL,çok rahat tam giy çık elbise bayıldım.Rengi açık olmasina rağmen iç göstermiyor. Kesinlikle bu fiyata kaçmaz,TRENDYOLMİLLA Haki Gipeli Skater/Belden Açılan V Yaka Kolsuz Bürümcük/Dokulu Esnek Örme Midi Elbise TWOSS24EL00883
10 Mart 2025,Boy: 168cm,Kilo: 65kg,Beden: L,Ürün görseldeki ile aynı kendi bedeninizi alabilirsiniz.,TRENDYOLMİLLA Haki Gipeli Skater/Belden Açılan V Yaka Kolsuz Bürümcük/Dokulu Esnek Örme Midi Elbise TWOSS24EL00883
10 Şubat 2025,Bilgi mevcut değil,Bilgi mevcut değil,Beden: M,beğenmedim iade,TRENDYOLMİLLA Haki Gipeli Skater/Belden Açılan V Yaka Kolsuz Bürümcük/Dokulu Esnek Örme Midi Elbise TWOSS24EL00883
14 Kasım 2024,Boy: 165cm,Kilo: 85kg,size: XL,yakası biraz açık geldi bana onun haricinde yazlık çok tatlış bir elbise. üstüne kısa ceket giyip kullanıyorum,TRENDYOLMİLLA Haki Gipeli Skater/Belden Açılan V Yaka Kolsuz Bürümcük/Dokulu Esnek Örme Midi Elbise TWOSS24EL00883
23 Ekim 2024,Boy: 158cm,Kilo: 60kg,size: M,Ben çok beğenerek giydim çok güzel,TRENDYOLMİLLA Haki Gipeli Skater/Belden Açılan V Yaka Kolsuz Bürümcük/Dokulu Esnek Örme Midi Elbise TWOSS24EL00883
13 Eylül 2024,Boy: 166cm,Kilo: 65kg,Beden: L,çok şık kumaşı duruşu çok beğendim,TRENDYOLMİLLA Haki Gipeli Skater/Belden Açılan V Yaka Kolsuz Bürümcük/Dokulu Esnek Örme Midi Elbise TWOSS24EL00883
02 Ağustos 2024,Boy: 155cm,Kilo: 70kg,Beden: L,Çok güzel,TRENDYOLMİLLA Haki Gipeli Skater/Belden Açılan V Yaka Kolsuz Bürümcük/Dokulu Esnek Örme Midi Elbise TWOSS24EL00883
01 Ağustos 2024,Boy: 163cm,Kilo: 62kg,Beden: M,Süper süper süper😍,TRENDYOLMİLLA Haki Gipeli Skater/Belden Açılan V Yaka Kolsuz Bürümcük/Dokulu Esnek Örme Midi Elbise TWOSS24EL00883
03 Temmuz 2024,Boy: 160cm,Kilo: 63kg,Beden: M,Üst kısmı biraz dar ama rahatsız eder şekilde değil altı dökümlü tiril tiril rengi çok hoș görseldekiyle aynı renk 👍,TRENDYOLMİLLA Haki Gipeli Skater/Belden Açılan V Yaka Kolsuz Bürümcük/Dokulu Esnek Örme Midi Elbise TWOSS24EL00883
24 Mayıs 2024,Bilgi mevcut değil,Bilgi mevcut değil,Beden: S,ürün güzel 36-38 giyiyorum normalde 36 aldım küçük oldu iadeye gönderdim. ama İnce güzel rengi de gorseldekiyle aynı,TRENDYOLMİLLA Haki Gipeli Skater/Belden Açılan V Yaka Kolsuz Bürümcük/Dokulu Esnek Örme Midi Elbise TWOSS24EL00883
08 Mart 2025,Boy: 170cm,Kilo: 61kg,Beden: S,o kadar rahat ki keşke farklı renkleri de olsa,TRENDYOLMİLLA Haki Gipeli Skater/Belden Açılan V Yaka Kolsuz Bürümcük/Dokulu Esnek Örme Midi Elbise TWOSS24EL00883
26 Şubat 2025,Bilgi mevcut değil,Bilgi mevcut değil,Beden: L,basit kumaşı var değişim talep ettim,TRENDYOLMİLLA Haki Gipeli Skater/Belden Açılan V Yaka Kolsuz Bürümcük/Dokulu Esnek Örme Midi Elbise TWOSS24EL00883
07 Kasım 2024,Boy: 170cm,Kilo: 72kg,size: L,Çok iyi geldi kendi bedeninizi alın.,TRENDYOLMİLLA Haki Gipeli Skater/Belden Açılan V Yaka Kolsuz Bürümcük/Dokulu Esnek Örme Midi Elbise TWOSS24EL00883
31 Ekim 2024,Boy: 155cm,Kilo: 65kg,size: L,Çok rahat giy çık elbise. iki adet aldım biri günlük biri gezmelik.,TRENDYOLMİLLA Haki Gipeli Skater/Belden Açılan V Yaka Kolsuz Bürümcük/Dokulu Esnek Örme Midi Elbise TWOSS24EL00883
05 Eylül 2024,Bilgi mevcut değil,Bilgi mevcut değil,Beden: S,"172 boy 57 kg için S beden aldim. Ne bol ne dar oldu. oldukça şık ,düşünmeden alin",TRENDYOLMİLLA Haki Gipeli Skater/Belden Açılan V Yaka Kolsuz Bürümcük/Dokulu Esnek Örme Midi Elbise TWOSS24EL00883
20 Ağustos 2024,Boy: 170cm,Kilo: 90kg,Beden: XL,"normalde 44-46 giymeme rağmen xl aldım ve tam oldu , oldukça elastik bir yapısı var . çok hoş bir elbise.",TRENDYOLMİLLA Haki Gipeli Skater/Belden Açılan V Yaka Kolsuz Bürümcük/Dokulu Esnek Örme Midi Elbise TWOSS24EL00883
13 Ağustos 2024,Boy: 157cm,Kilo: 50kg,Beden: L,Ürün güzel ancak beden sorunu var iade etmek zorunda kaldık,TRENDYOLMİLLA Haki Gipeli Skater/Belden Açılan V Yaka Kolsuz Bürümcük/Dokulu Esnek Örme Midi Elbise TWOSS24EL00883
11 Ağustos 2024,Boy: 165cm,Kilo: 75kg,Beden: XL,Bence çok güzel 82 kilo 166 boyundayım xl aldım,TRENDYOLMİLLA Haki Gipeli Skater/Belden Açılan V Yaka Kolsuz Bürümcük/Dokulu Esnek Örme Midi Elbise TWOSS24EL00883
08 Ağustos 2024,Bilgi mevcut değil,Bilgi mevcut değil,Beden: M,elbise güzel kumaşıda iyi tiril tiril 1.63 60 kilo m almıştım ama s de olurmuş iadeyle uğraşmıcam,TRENDYOLMİLLA Haki Gipeli Skater/Belden Açılan V Yaka Kolsuz Bürümcük/Dokulu Esnek Örme Midi Elbise TWOSS24EL00883
08 Ağustos 2024,Bilgi mevcut değil,Bilgi mevcut değil,Beden: S,"iç göstermiyor, çok güzel 1.58 54 kilo ayak bileğine yakın oldu",TRENDYOLMİLLA Haki Gipeli Skater/Belden Açılan V Yaka Kolsuz Bürümcük/Dokulu Esnek Örme Midi Elbise TWOSS24EL00883
07 Ağustos 2024,Boy: 171cm,Kilo: 77kg,Beden: L,Çok iyi kocam sigarasıyla yaktığı için giydiğim gibi çöp oldu yeniden sipariş verdim,TRENDYOLMİLLA Haki Gipeli Skater/Belden Açılan V Yaka Kolsuz Bürümcük/Dokulu Esnek Örme Midi Elbise TWOSS24EL00883
26 Temmuz 2024,Bilgi mevcut değil,Bilgi mevcut değil,Beden: XL,ürün göründüğünden daha da kaliteli ve güzel. tam yazlık bir elbise. iç göstermiyor. çok kullanışlı..,TRENDYOLMİLLA Haki Gipeli Skater/Belden Açılan V Yaka Kolsuz Bürümcük/Dokulu Esnek Örme Midi Elbise TWOSS24EL00883
25 Temmuz 2024,Bilgi mevcut değil,Bilgi mevcut değil,Beden: M,Ürün güzeldi sadece beldeki büzgüden dolayı duruşu kambur gibi gösteriyor onun için iade,TRENDYOLMİLLA Haki Gipeli Skater/Belden Açılan V Yaka Kolsuz Bürümcük/Dokulu Esnek Örme Midi Elbise TWOSS24EL00883
21 Temmuz 2024,Boy: 165cm,Kilo: 55kg,Beden: M,Biraz endişeli almıştım ama harika bir ürün yaz için dolapta olması gereken bir elbise,TRENDYOLMİLLA Haki Gipeli Skater/Belden Açılan V Yaka Kolsuz Bürümcük/Dokulu Esnek Örme Midi Elbise TWOSS24EL00883
11 Temmuz 2024,Boy: 156cm,Kilo: 53kg,Beden: S,Kumaşı terlettı sıcakta yaktı ama güzel duruyor ben altına ne olur ne olmaz diye yarım astar etek gıydım 156 50 kıloyum s aldım tam oldu,TRENDYOLMİLLA Haki Gipeli Skater/Belden Açılan V Yaka Kolsuz Bürümcük/Dokulu Esnek Örme Midi Elbise TWOSS24EL00883
10 Temmuz 2024,Boy: 167cm,Kilo: 74kg,Beden: XL,sırt kısmı içi çok belli ediyor. rengi cildime gitmedi soluk durdu. kumaşı yumuşak rahat,TRENDYOLMİLLA Haki Gipeli Skater/Belden Açılan V Yaka Kolsuz Bürümcük/Dokulu Esnek Örme Midi Elbise TWOSS24EL00883
03 Temmuz 2024,Bilgi mevcut değil,Bilgi mevcut değil,Beden: L,Gayet rahat günlük,TRENDYOLMİLLA Haki Gipeli Skater/Belden Açılan V Yaka Kolsuz Bürümcük/Dokulu Esnek Örme Midi Elbise TWOSS24EL00883
28 Haziran 2024,Boy: 163cm,Kilo: 51kg,Beden: XS,ÇOK GÜZEL TAM BEDEN KEŞKE BAŞKA RENKLERİ OLSA ♥️,TRENDYOLMİLLA Haki Gipeli Skater/Belden Açılan V Yaka Kolsuz Bürümcük/Dokulu Esnek Örme Midi Elbise TWOSS24EL00883
26 Haziran 2024,Bilgi mevcut değil,Bilgi mevcut değil,Beden: M,üst kısmı biraz dar. iç belli ediyor.,TRENDYOLMİLLA Haki Gipeli Skater/Belden Açılan V Yaka Kolsuz Bürümcük/Dokulu Esnek Örme Midi Elbise TWOSS24EL00883
25 Haziran 2024,Bilgi mevcut değil,Bilgi mevcut değil,Beden: L,Lbeden aldım.cok rahat.kumaşısa çok güzel.tril tril.fiyatına göre şahane bir elbise .giy cik,TRENDYOLMİLLA Haki Gipeli Skater/Belden Açılan V Yaka Kolsuz Bürümcük/Dokulu Esnek Örme Midi Elbise TWOSS24EL00883
25 Haziran 2024,Bilgi mevcut değil,Bilgi mevcut değil,Beden: XL,çok rahat tam giy çık elbise bayıldım.Rengi açık olmasina rağmen iç göstermiyor. Kesinlikle bu fiyata kaçmaz,TRENDYOLMİLLA Haki Gipeli Skater/Belden Açılan V Yaka Kolsuz Bürümcük/Dokulu Esnek Örme Midi Elbise TWOSS24EL00883
10 Mart 2025,Boy: 168cm,Kilo: 65kg,Beden: L,Ürün görseldeki ile aynı kendi bedeninizi alabilirsiniz.,TRENDYOLMİLLA Haki Gipeli Skater/Belden Açılan V Yaka Kolsuz Bürümcük/Dokulu Esnek Örme Midi Elbise TWOSS24EL00883
10 Şubat 2025,Bilgi mevcut değil,Bilgi mevcut değil,Beden: M,beğenmedim iade,TRENDYOLMİLLA Haki Gipeli Skater/Belden Açılan V Yaka Kolsuz Bürümcük/Dokulu Esnek Örme Midi Elbise TWOSS24EL00883
14 Kasım 2024,Boy: 165cm,Kilo: 85kg,size: XL,yakası biraz açık geldi bana onun haricinde yazlık çok tatlış bir elbise. üstüne kısa ceket giyip kullanıyorum,TRENDYOLMİLLA Haki Gipeli Skater/Belden Açılan V Yaka Kolsuz Bürümcük/Dokulu Esnek Örme Midi Elbise TWOSS24EL00883
23 Ekim 2024,Boy: 158cm,Kilo: 60kg,size: M,Ben çok beğenerek giydim çok güzel,TRENDYOLMİLLA Haki Gipeli Skater/Belden Açılan V Yaka Kolsuz Bürümcük/Dokulu Esnek Örme Midi Elbise TWOSS24EL00883
13 Eylül 2024,Boy: 166cm,Kilo: 65kg,Beden: L,çok şık kumaşı duruşu çok beğendim,TRENDYOLMİLLA Haki Gipeli Skater/Belden Açılan V Yaka Kolsuz Bürümcük/Dokulu Esnek Örme Midi Elbise TWOSS24EL00883
02 Ağustos 2024,Boy: 155cm,Kilo: 70kg,Beden: L,Çok güzel,TRENDYOLMİLLA Haki Gipeli Skater/Belden Açılan V Yaka Kolsuz Bürümcük/Dokulu Esnek Örme Midi Elbise TWOSS24EL00883
01 Ağustos 2024,Boy: 163cm,Kilo: 62kg,Beden: M,Süper süper süper😍,TRENDYOLMİLLA Haki Gipeli Skater/Belden Açılan V Yaka Kolsuz Bürümcük/Dokulu Esnek Örme Midi Elbise TWOSS24EL00883
03 Temmuz 2024,Boy: 160cm,Kilo: 63kg,Beden: M,Üst kısmı biraz dar ama rahatsız eder şekilde değil altı dökümlü tiril tiril rengi çok hoș görseldekiyle aynı renk 👍,TRENDYOLMİLLA Haki Gipeli Skater/Belden Açılan V Yaka Kolsuz Bürümcük/Dokulu Esnek Örme Midi Elbise TWOSS24EL00883
24 Mayıs 2024,Bilgi mevcut değil,Bilgi mevcut değil,Beden: S,ürün güzel 36-38 giyiyorum normalde 36 aldım küçük oldu iadeye gönderdim. ama İnce güzel rengi de gorseldekiyle aynı,TRENDYOLMİLLA Haki Gipeli Skater/Belden Açılan V Yaka Kolsuz Bürümcük/Dokulu Esnek Örme Midi Elbise TWOSS24EL00883
08 Mart 2025,Boy: 170cm,Kilo: 61kg,Beden: S,o kadar rahat ki keşke farklı renkleri de olsa,TRENDYOLMİLLA Haki Gipeli Skater/Belden Açılan V Yaka Kolsuz Bürümcük/Dokulu Esnek Örme Midi Elbise TWOSS24EL00883
26 Şubat 2025,Bilgi mevcut değil,Bilgi mevcut değil,Beden: L,basit kumaşı var değişim talep ettim,TRENDYOLMİLLA Haki Gipeli Skater/Belden Açılan V Yaka Kolsuz Bürümcük/Dokulu Esnek Örme Midi Elbise TWOSS24EL00883
07 Kasım 2024,Boy: 170cm,Kilo: 72kg,size: L,Çok iyi geldi kendi bedeninizi alın.,TRENDYOLMİLLA Haki Gipeli Skater/Belden Açılan V Yaka Kolsuz Bürümcük/Dokulu Esnek Örme Midi Elbise TWOSS24EL00883
31 Ekim 2024,Boy: 155cm,Kilo: 65kg,size: L,Çok rahat giy çık elbise. iki adet aldım biri günlük biri gezmelik.,TRENDYOLMİLLA Haki Gipeli Skater/Belden Açılan V Yaka Kolsuz Bürümcük/Dokulu Esnek Örme Midi Elbise TWOSS24EL00883
18 Eylül 2024,Boy: 170cm,Kilo: 62kg,Beden: S,Güzel sadece terletir,TRENDYOLMİLLA Haki Gipeli Skater/Belden Açılan V Yaka Kolsuz Bürümcük/Dokulu Esnek Örme Midi Elbise TWOSS24EL00883
08 Eylül 2024,Bilgi mevcut değil,Bilgi mevcut değil,Beden: S,kalıbı rengi güzel,TRENDYOLMİLLA Haki Gipeli Skater/Belden Açılan V Yaka Kolsuz Bürümcük/Dokulu Esnek Örme Midi Elbise TWOSS24EL00883
19 Ağustos 2024,Boy: 162cm,Kilo: 78kg,Beden: XL,"Öğretmenim, okulda giymek için aldım. Gerek boyu ve dekoltesi gerek kalitesi olsun çok belendim. Keşke başka renkleri de olsa.",TRENDYOLMİLLA Haki Gipeli Skater/Belden Açılan V Yaka Kolsuz Bürümcük/Dokulu Esnek Örme Midi Elbise TWOSS24EL00883
19 Ağustos 2024,Bilgi mevcut değil,Bilgi mevcut değil,Beden: XL,çok güzel çok,TRENDYOLMİLLA Haki Gipeli Skater/Belden Açılan V Yaka Kolsuz Bürümcük/Dokulu Esnek Örme Midi Elbise TWOSS24EL00883
14 Ocak 2025,Bilgi mevcut değil,Bilgi mevcut değil,Beden: 36,"Ürün çok güzel, 1.68 boy 52 kilo 36 aldım tam oldu boyuda kısa değil gayet iyi.",TRENDYOLMİLLA Yeşil Ekose / Kareli Mini  Dokuma Elbise TWOAW23EL00701
06 Ocak 2025,Bilgi mevcut değil,Bilgi mevcut değil,Beden: 36,Çok güzel kaliteli bir ürün tam beden,TRENDYOLMİLLA Yeşil Ekose / Kareli Mini  Dokuma Elbise TWOAW23EL00701
06 Ocak 2025,Boy: 163cm,Kilo: 63kg,Beden: 40,"Ürün fiyatına göre gayet güzl fakat tam bir hafta sonra kargoya veriliyor bilginiz olsun ona göre alım yapın,163 cm 63 kiloyum40 beden tam oldu",TRENDYOLMİLLA Yeşil Ekose / Kareli Mini  Dokuma Elbise TWOAW23EL00701
24 Aralık 2024,Boy: 165cm,Kilo: 62kg,Beden: 38,Harika bir elbise 1.65 boy 63 kg,TRENDYOLMİLLA Yeşil Ekose / Kareli Mini  Dokuma Elbise TWOAW23EL00701
21 Aralık 2024,Boy: 168cm,Kilo: 70kg,Beden: 40,Harika bir elbise. Kol kısmı şifon sanıyordum ama daha güzel bir kumaş. Tam beden alabilirsiniz. Çok şık çok güzel,TRENDYOLMİLLA Yeşil Ekose / Kareli Mini  Dokuma Elbise TWOAW23EL00701
01 Aralık 2024,Bilgi mevcut değil,Bilgi mevcut değil,size: 40,çok güzel bir parça tesekkurler 2 günde kargom elime ulaşti,TRENDYOLMİLLA Yeşil Ekose / Kareli Mini  Dokuma Elbise TWOAW23EL00701
21 Kasım 2024,Boy: 156cm,Kilo: 60kg,size: 40,"Mükemmel bir elbise, valla çok yakıştı bana. Tam beden alabilirsiniz, boyu kısa boylular için çok ideal, uzun boylular için kısa olur. Benim boyum 1.57 bende bu şekilde durdu. Ben elbiseyi her şeyiyle çok beğendim, tavsiye ederim.Milla benim vazgeçilmezim.",TRENDYOLMİLLA Yeşil Ekose / Kareli Mini  Dokuma Elbise TWOAW23EL00701
17 Kasım 2024,Boy: 171cm,Kilo: 83kg,size: 42,Biraz kısa ama vücudu çok güzel gösteriyor,TRENDYOLMİLLA Yeşil Ekose / Kareli Mini  Dokuma Elbise TWOAW23EL00701
16 Kasım 2024,Boy: 165cm,Kilo: 64kg,size: 38,Ürün çok güzel fakat kalıbı dar normalde 38 giyiyorum ama dap dar oldu iade edip bi beden büyüğünü alacağım. Alın aldırın aşırı şık,TRENDYOLMİLLA Yeşil Ekose / Kareli Mini  Dokuma Elbise TWOAW23EL00701
03 Kasım 2024,Boy: 160cm,Kilo: 58kg,size: 38,Gayet şık ve göründüğü gibi,TRENDYOLMİLLA Yeşil Ekose / Kareli Mini  Dokuma Elbise TWOAW23EL00701
30 Ekim 2024,Boy: 164cm,Kilo: 65kg,size: 40,Müthişşş elbise kalıbı müthiş,TRENDYOLMİLLA Yeşil Ekose / Kareli Mini  Dokuma Elbise TWOAW23EL00701
26 Ekim 2024,Bilgi mevcut değil,Bilgi mevcut değil,size: 40,"Üzerime çok güzel oldu,, çok beğendim tavsiye ederim",TRENDYOLMİLLA Yeşil Ekose / Kareli Mini  Dokuma Elbise TWOAW23EL00701
21 Ekim 2024,Boy: 168cm,Kilo: 60kg,size: 38,elbise güzel boyum 1.68 kilom 61 bel 72 basen 102 boyu fotoğrafta ki gibi oldu,TRENDYOLMİLLA Yeşil Ekose / Kareli Mini  Dokuma Elbise TWOAW23EL00701
12 Ekim 2024,Boy: 157cm,Kilo: 62kg,Beden: 38,coook güzel bu fiyata tam fiyat performans. öğretmenim okulda giymek için aldım çok cici,TRENDYOLMİLLA Yeşil Ekose / Kareli Mini  Dokuma Elbise TWOAW23EL00701
15 Ocak 2025,Boy: 162cm,Kilo: 70kg,Beden: 40,Çok çok güzel,TRENDYOLMİLLA Yeşil Ekose / Kareli Mini  Dokuma Elbise TWOAW23EL00701
05 Mart 2025,Bilgi mevcut değil,Bilgi mevcut değil,Beden: 36,Ürün çok şık çok beğendim.,TRENDYOLMİLLA Yeşil Ekose / Kareli Mini  Dokuma Elbise TWOAW23EL00701
05 Mart 2025,Bilgi mevcut değil,Bilgi mevcut değil,Beden: 38,Elbise güzel ama çok dar,TRENDYOLMİLLA Yeşil Ekose / Kareli Mini  Dokuma Elbise TWOAW23EL00701
27 Şubat 2025,Boy: 170cm,Kilo: 62kg,Beden: 38,Çok güzel ama çok kısa olduğu için iade ettim,TRENDYOLMİLLA Yeşil Ekose / Kareli Mini  Dokuma Elbise TWOAW23EL00701
18 Şubat 2025,Boy: 164cm,Kilo: 60kg,Beden: 40,Güzel ürün tam kalıp. Henüz yıkamadım Yıkayınca belli olur kalitesi. Güncelleme: 30 derecede talimata uygun yıkadım elbise küçüldü hiç giyemeden. Tavsiye etmiyorum iade edebilsem ederdim,TRENDYOLMİLLA Yeşil Ekose / Kareli Mini  Dokuma Elbise TWOAW23EL00701
17 Şubat 2025,Bilgi mevcut değil,Bilgi mevcut değil,Beden: 40,Çok güzel çok beğendim,TRENDYOLMİLLA Yeşil Ekose / Kareli Mini  Dokuma Elbise TWOAW23EL00701
13 Şubat 2025,Boy: 169cm,Kilo: 63kg,Beden: 38,Elbiseye bayıldım cuk diye oturdu bence çok hanım hanımcık duran çok şık bir elbise 🤭🤗,TRENDYOLMİLLA Yeşil Ekose / Kareli Mini  Dokuma Elbise TWOAW23EL00701
06 Şubat 2025,Boy: 157cm,Kilo: 45kg,Beden: 34,Fiyat performans ürünü. 158 boy/45 kilo tam oturdu. Sadece yaka kısmı biraz abartılı geldi onun dışında çok iyi ürün,TRENDYOLMİLLA Yeşil Ekose / Kareli Mini  Dokuma Elbise TWOAW23EL00701
31 Ocak 2025,Bilgi mevcut değil,Bilgi mevcut değil,Beden: 38,kisa geldi bana ve kollari bol,TRENDYOLMİLLA Yeşil Ekose / Kareli Mini  Dokuma Elbise TWOAW23EL00701
31 Ocak 2025,Boy: 160cm,Kilo: 43kg,Beden: 34,Elbiseyi giymek o kadar zor ki güya fermuarı var fermuarının olmasının hiçbir anlamı yok ne önündeki düğmeler açılıyor ne fermuarı annem olmasa giyemeyecektim.,TRENDYOLMİLLA Yeşil Ekose / Kareli Mini  Dokuma Elbise TWOAW23EL00701
14 Aralık 2024,Boy: 167cm,Kilo: 53kg,Beden: 38,Bir büyük beden kesinlikle alınmalı kumaşı da gayet iyi,TRENDYOLMİLLA Siyah Kuşaklı Viskon Midi Dokuma Gömlek Elbise TWOAW25EL00436
13 Aralık 2024,Boy: 160cm,Kilo: 64kg,Beden: 40,"Beni kilolu gösterir diye çok korkmuştum ama beklediğimden daha çok fiziğimi ortaya çıkardı,kesinlikle kilonuza ve boyunuza takılmadan almalısınız. Kumaşı kış için ince bana kalırsa sonbahar ortalarında giymelik. Göğüs kısmı dar gelebilir diye 1 beden büyük aldım eğer büyük göğüslere sahipseniz 1 beden büyük alın daha rahat edersiniz.",TRENDYOLMİLLA Siyah Kuşaklı Viskon Midi Dokuma Gömlek Elbise TWOAW25EL00436
07 Ekim 2024,Boy: 168cm,Kilo: 58kg,Beden: 40,Bir beden büyük alın,TRENDYOLMİLLA Siyah Kuşaklı Viskon Midi Dokuma Gömlek Elbise TWOAW25EL00436
13 Eylül 2024,Bilgi mevcut değil,Bilgi mevcut değil,Beden: 38,dar bir kalıbı var en az iki beden büyük almak lazım iade ediyorum,TRENDYOLMİLLA Siyah Kuşaklı Viskon Midi Dokuma Gömlek Elbise TWOAW25EL00436
27 Aralık 2024,Boy: 158cm,Kilo: 50kg,Beden: 34,Kalıbı çok büyük ve kuşağı yok eksik geldi,TRENDYOLMİLLA Siyah Kuşaklı Viskon Midi Dokuma Gömlek Elbise TWOAW25EL00436
25 Aralık 2024,Bilgi mevcut değil,Bilgi mevcut değil,Beden: 42,Bayıldım büyük alın,TRENDYOLMİLLA Siyah Kuşaklı Viskon Midi Dokuma Gömlek Elbise TWOAW25EL00436
11 Aralık 2024,Boy: 165cm,Kilo: 48kg,Beden: 34,160 53 kiloyum xs bir tık sıktı,TRENDYOLMİLLA Siyah Kuşaklı Viskon Midi Dokuma Gömlek Elbise TWOAW25EL00436
11 Kasım 2024,Bilgi mevcut değil,Bilgi mevcut değil,Bilgi mevcut değil,güzel tam kalıp,TRENDYOLMİLLA Siyah Kuşaklı Viskon Midi Dokuma Gömlek Elbise TWOAW25EL00436
06 Kasım 2024,Bilgi mevcut değil,Bilgi mevcut değil,size: 36,bir beden buyuk alinmali ama harika bir elbuse kumasi ince ama ic gortermiyor,TRENDYOLMİLLA Siyah Kuşaklı Viskon Midi Dokuma Gömlek Elbise TWOAW25EL00436
12 Ekim 2024,Bilgi mevcut değil,Bilgi mevcut değil,Beden: 42,"Pis deyil, ama yaxsi da deyil",TRENDYOLMİLLA Siyah Kuşaklı Viskon Midi Dokuma Gömlek Elbise TWOAW25EL00436
05 Ekim 2024,Bilgi mevcut değil,Bilgi mevcut değil,Beden: 42,Ürün güzel mevsimlik ancak kalıbı dar ona göre büyük beden almak lazım,TRENDYOLMİLLA Siyah Kuşaklı Viskon Midi Dokuma Gömlek Elbise TWOAW25EL00436
21 Eylül 2024,Boy: 165cm,Kilo: 58kg,Beden: 36,Büyük geldi aide ettim,TRENDYOLMİLLA Siyah Kuşaklı Viskon Midi Dokuma Gömlek Elbise TWOAW25EL00436
19 Eylül 2024,Boy: 152cm,Kilo: 47kg,Beden: 34,Çok beğendim iyi ki almışım 🎈🎈🎈,TRENDYOLMİLLA Siyah Kuşaklı Viskon Midi Dokuma Gömlek Elbise TWOAW25EL00436
17 Eylül 2024,Boy: 158cm,Kilo: 65kg,Beden: 40,Çok güzel bi parça kesinlikle almanızı öneriyorm kendi bedeninizi alın,TRENDYOLMİLLA Siyah Kuşaklı Viskon Midi Dokuma Gömlek Elbise TWOAW25EL00436
11 Eylül 2024,Boy: 160cm,Kilo: 65kg,Beden: 42,"Tesettürlüyim, 160 boyundayım. Bol olsun diye 42 aldım ama asla 42 gibi değil bilginize. Bana normal boy oldu ama daha üstüne kısa olur",TRENDYOLMİLLA Siyah Kuşaklı Viskon Midi Dokuma Gömlek Elbise TWOAW25EL00436
11 Eylül 2024,Boy: 172cm,Kilo: 62kg,Beden: 36,Ürün güzel kumaşı ince sonbaharda altına çizmeyle çok güzel gider.,TRENDYOLMİLLA Siyah Kuşaklı Viskon Midi Dokuma Gömlek Elbise TWOAW25EL00436
05 Eylül 2024,Boy: 160cm,Kilo: 50kg,Beden: 36,ürün güzel ama bana mankendeki gibi olmadı bana hiç yakışmadı o yüzden iade edicem,TRENDYOLMİLLA Siyah Kuşaklı Viskon Midi Dokuma Gömlek Elbise TWOAW25EL00436
04 Eylül 2024,Boy: 162cm,Kilo: 53kg,Beden: 36,İnce bir kumaşı var ancak iç göstermiyor. Mevsimlik güzel sade bir elbise,TRENDYOLMİLLA Siyah Kuşaklı Viskon Midi Dokuma Gömlek Elbise TWOAW25EL00436
25 Şubat 2025,Boy: 157cm,Kilo: 52kg,Beden: 34,"Elbise çok güzel, ince kumaş tam baharda giymelik. 157 boy, 52 kilo normalde S giyerim ancak Xs aldım, göğüs kalıbınız benim gibi küçükse siz de öyle tercih edebilirsiniz.",TRENDYOLMİLLA Siyah Kuşaklı Viskon Midi Dokuma Gömlek Elbise TWOAW25EL00436
17 Ocak 2025,Boy: 171cm,Kilo: 75kg,Beden: 40,evli üç çocuklu kaynanasının gününe patates salatası yetiştirmeye çalılan kadınlara benzedim kumaşını da sevmedim kalıbını da,TRENDYOLMİLLA Siyah Kuşaklı Viskon Midi Dokuma Gömlek Elbise TWOAW25EL00436
01 Ocak 2025,Boy: 160cm,Kilo: 52kg,Beden: 34,2 yıkamada soldu ama idare eder,TRENDYOLMİLLA Siyah Kuşaklı Viskon Midi Dokuma Gömlek Elbise TWOAW25EL00436
21 Aralık 2024,Boy: 165cm,Kilo: 64kg,Beden: 38,Aşırı dandik birşey buna iyi yorum atanlar ne yaşıyor kağıt gibi ve tülbent kumaşı gibi iç belli ediyor.,TRENDYOLMİLLA Siyah Kuşaklı Viskon Midi Dokuma Gömlek Elbise TWOAW25EL00436
17 Aralık 2024,Bilgi mevcut değil,Bilgi mevcut değil,Beden: 34,172 yim gözüme saçma bir boy geldi terizyle de uğraşmak istemedim iade ettim,TRENDYOLMİLLA Siyah Kuşaklı Viskon Midi Dokuma Gömlek Elbise TWOAW25EL00436
27 Kasım 2024,Boy: 165cm,Kilo: 70kg,size: 38,Güzel ama çok ince maalesef,TRENDYOLMİLLA Siyah Kuşaklı Viskon Midi Dokuma Gömlek Elbise TWOAW25EL00436
20 Kasım 2024,Boy: 150cm,Kilo: 43kg,Bilgi mevcut değil,Hoş bi elbise aslında ama midi olduğu için iade ettim çünkü topuklu botlarımla olmadı,TRENDYOLMİLLA Siyah Kuşaklı Viskon Midi Dokuma Gömlek Elbise TWOAW25EL00436
20 Kasım 2024,Bilgi mevcut değil,Bilgi mevcut değil,size: 42,Kesinlikle çok güzel ve kullanışlı bir parça her dolapta olması gerekiyor,TRENDYOLMİLLA Siyah Kuşaklı Viskon Midi Dokuma Gömlek Elbise TWOAW25EL00436
25 Ekim 2024,Boy: 172cm,Kilo: 58kg,size: 36,Bayıldımmm tam beden aldim ben. Gogus kismi dar falan demişler ama bence gayet ideal. 75c giyiyorum ben ya da 80b ona gore yorumlayin. Normalde s giyerim yine s aldim ve ideal oldu. Zaten bel kemeri oldugu icin istedigim gibi daraltiyorum belini. Boy kiloda zaten ismimin yaninda yaziyor,TRENDYOLMİLLA Siyah Kuşaklı Viskon Midi Dokuma Gömlek Elbise TWOAW25EL00436
22 Ekim 2024,Boy: 173cm,Kilo: 55kg,Bilgi mevcut değil,Çok kurtarıcı kaliteli ve çok şık duran bir elbise boyum 173 kilom 55 beden olarak 34 aldım tam oldu eğer göğsünüz büyükse bir beden büyük tercih edebilirsiniz düğmeler açısından benim 75c tam oldu o 34 beden,TRENDYOLMİLLA Siyah Kuşaklı Viskon Midi Dokuma Gömlek Elbise TWOAW25EL00436
24 Eylül 2024,Bilgi mevcut değil,Bilgi mevcut değil,Beden: 40,elbise çok güzel 172 boy 80 kg 38 aldım tam oldu ama göğüs kısmı dar olduğundan rahatsız oldum oturunca düğmelerin arasından gözüküyordu içim iade kodu oluşturup 40 beden sipariş ettim.,TRENDYOLMİLLA Siyah Kuşaklı Viskon Midi Dokuma Gömlek Elbise TWOAW25EL00436
23 Eylül 2024,Boy: 168cm,Kilo: 65kg,Beden: 38,"Elbise olay akıyor kumaş, astarı yok ama mükemmel çizmelerle topuklu ayakkabıyla şık kombinlenir 👌🏻",TRENDYOLMİLLA Siyah Kuşaklı Viskon Midi Dokuma Gömlek Elbise TWOAW25EL00436
14 Aralık 2024,Boy: 167cm,Kilo: 53kg,Beden: 38,Bir büyük beden kesinlikle alınmalı kumaşı da gayet iyi,TRENDYOLMİLLA Siyah Kuşaklı Viskon Midi Dokuma Gömlek Elbise TWOAW25EL00436
13 Aralık 2024,Boy: 160cm,Kilo: 64kg,Beden: 40,"Beni kilolu gösterir diye çok korkmuştum ama beklediğimden daha çok fiziğimi ortaya çıkardı,kesinlikle kilonuza ve boyunuza takılmadan almalısınız. Kumaşı kış için ince bana kalırsa sonbahar ortalarında giymelik. Göğüs kısmı dar gelebilir diye 1 beden büyük aldım eğer büyük göğüslere sahipseniz 1 beden büyük alın daha rahat edersiniz.",TRENDYOLMİLLA Siyah Kuşaklı Viskon Midi Dokuma Gömlek Elbise TWOAW25EL00436
07 Ekim 2024,Boy: 168cm,Kilo: 58kg,Beden: 40,Bir beden büyük alın,TRENDYOLMİLLA Siyah Kuşaklı Viskon Midi Dokuma Gömlek Elbise TWOAW25EL00436
13 Eylül 2024,Bilgi mevcut değil,Bilgi mevcut değil,Beden: 38,dar bir kalıbı var en az iki beden büyük almak lazım iade ediyorum,TRENDYOLMİLLA Siyah Kuşaklı Viskon Midi Dokuma Gömlek Elbise TWOAW25EL00436
27 Aralık 2024,Boy: 158cm,Kilo: 50kg,Beden: 34,Kalıbı çok büyük ve kuşağı yok eksik geldi,TRENDYOLMİLLA Siyah Kuşaklı Viskon Midi Dokuma Gömlek Elbise TWOAW25EL00436
25 Aralık 2024,Bilgi mevcut değil,Bilgi mevcut değil,Beden: 42,Bayıldım büyük alın,TRENDYOLMİLLA Siyah Kuşaklı Viskon Midi Dokuma Gömlek Elbise TWOAW25EL00436
11 Aralık 2024,Boy: 165cm,Kilo: 48kg,Beden: 34,160 53 kiloyum xs bir tık sıktı,TRENDYOLMİLLA Siyah Kuşaklı Viskon Midi Dokuma Gömlek Elbise TWOAW25EL00436
11 Kasım 2024,Bilgi mevcut değil,Bilgi mevcut değil,Bilgi mevcut değil,güzel tam kalıp,TRENDYOLMİLLA Siyah Kuşaklı Viskon Midi Dokuma Gömlek Elbise TWOAW25EL00436
06 Kasım 2024,Bilgi mevcut değil,Bilgi mevcut değil,size: 36,bir beden buyuk alinmali ama harika bir elbuse kumasi ince ama ic gortermiyor,TRENDYOLMİLLA Siyah Kuşaklı Viskon Midi Dokuma Gömlek Elbise TWOAW25EL00436
12 Ekim 2024,Bilgi mevcut değil,Bilgi mevcut değil,Beden: 42,"Pis deyil, ama yaxsi da deyil",TRENDYOLMİLLA Siyah Kuşaklı Viskon Midi Dokuma Gömlek Elbise TWOAW25EL00436
05 Ekim 2024,Bilgi mevcut değil,Bilgi mevcut değil,Beden: 42,Ürün güzel mevsimlik ancak kalıbı dar ona göre büyük beden almak lazım,TRENDYOLMİLLA Siyah Kuşaklı Viskon Midi Dokuma Gömlek Elbise TWOAW25EL00436
21 Eylül 2024,Boy: 165cm,Kilo: 58kg,Beden: 36,Büyük geldi aide ettim,TRENDYOLMİLLA Siyah Kuşaklı Viskon Midi Dokuma Gömlek Elbise TWOAW25EL00436
19 Eylül 2024,Boy: 152cm,Kilo: 47kg,Beden: 34,Çok beğendim iyi ki almışım 🎈🎈🎈,TRENDYOLMİLLA Siyah Kuşaklı Viskon Midi Dokuma Gömlek Elbise TWOAW25EL00436
17 Eylül 2024,Boy: 158cm,Kilo: 65kg,Beden: 40,Çok güzel bi parça kesinlikle almanızı öneriyorm kendi bedeninizi alın,TRENDYOLMİLLA Siyah Kuşaklı Viskon Midi Dokuma Gömlek Elbise TWOAW25EL00436
11 Eylül 2024,Boy: 160cm,Kilo: 65kg,Beden: 42,"Tesettürlüyim, 160 boyundayım. Bol olsun diye 42 aldım ama asla 42 gibi değil bilginize. Bana normal boy oldu ama daha üstüne kısa olur",TRENDYOLMİLLA Siyah Kuşaklı Viskon Midi Dokuma Gömlek Elbise TWOAW25EL00436
11 Eylül 2024,Boy: 172cm,Kilo: 62kg,Beden: 36,Ürün güzel kumaşı ince sonbaharda altına çizmeyle çok güzel gider.,TRENDYOLMİLLA Siyah Kuşaklı Viskon Midi Dokuma Gömlek Elbise TWOAW25EL00436
05 Eylül 2024,Boy: 160cm,Kilo: 50kg,Beden: 36,ürün güzel ama bana mankendeki gibi olmadı bana hiç yakışmadı o yüzden iade edicem,TRENDYOLMİLLA Siyah Kuşaklı Viskon Midi Dokuma Gömlek Elbise TWOAW25EL00436
04 Eylül 2024,Boy: 162cm,Kilo: 53kg,Beden: 36,İnce bir kumaşı var ancak iç göstermiyor. Mevsimlik güzel sade bir elbise,TRENDYOLMİLLA Siyah Kuşaklı Viskon Midi Dokuma Gömlek Elbise TWOAW25EL00436
25 Şubat 2025,Boy: 157cm,Kilo: 52kg,Beden: 34,"Elbise çok güzel, ince kumaş tam baharda giymelik. 157 boy, 52 kilo normalde S giyerim ancak Xs aldım, göğüs kalıbınız benim gibi küçükse siz de öyle tercih edebilirsiniz.",TRENDYOLMİLLA Siyah Kuşaklı Viskon Midi Dokuma Gömlek Elbise TWOAW25EL00436
17 Ocak 2025,Boy: 171cm,Kilo: 75kg,Beden: 40,evli üç çocuklu kaynanasının gününe patates salatası yetiştirmeye çalılan kadınlara benzedim kumaşını da sevmedim kalıbını da,TRENDYOLMİLLA Siyah Kuşaklı Viskon Midi Dokuma Gömlek Elbise TWOAW25EL00436
01 Ocak 2025,Boy: 160cm,Kilo: 52kg,Beden: 34,2 yıkamada soldu ama idare eder,TRENDYOLMİLLA Siyah Kuşaklı Viskon Midi Dokuma Gömlek Elbise TWOAW25EL00436
21 Aralık 2024,Boy: 165cm,Kilo: 64kg,Beden: 38,Aşırı dandik birşey buna iyi yorum atanlar ne yaşıyor kağıt gibi ve tülbent kumaşı gibi iç belli ediyor.,TRENDYOLMİLLA Siyah Kuşaklı Viskon Midi Dokuma Gömlek Elbise TWOAW25EL00436
17 Aralık 2024,Bilgi mevcut değil,Bilgi mevcut değil,Beden: 34,172 yim gözüme saçma bir boy geldi terizyle de uğraşmak istemedim iade ettim,TRENDYOLMİLLA Siyah Kuşaklı Viskon Midi Dokuma Gömlek Elbise TWOAW25EL00436
27 Kasım 2024,Boy: 165cm,Kilo: 70kg,size: 38,Güzel ama çok ince maalesef,TRENDYOLMİLLA Siyah Kuşaklı Viskon Midi Dokuma Gömlek Elbise TWOAW25EL00436
20 Kasım 2024,Boy: 150cm,Kilo: 43kg,Bilgi mevcut değil,Hoş bi elbise aslında ama midi olduğu için iade ettim çünkü topuklu botlarımla olmadı,TRENDYOLMİLLA Siyah Kuşaklı Viskon Midi Dokuma Gömlek Elbise TWOAW25EL00436
20 Kasım 2024,Bilgi mevcut değil,Bilgi mevcut değil,size: 42,Kesinlikle çok güzel ve kullanışlı bir parça her dolapta olması gerekiyor,TRENDYOLMİLLA Siyah Kuşaklı Viskon Midi Dokuma Gömlek Elbise TWOAW25EL00436
25 Ekim 2024,Boy: 172cm,Kilo: 58kg,size: 36,Bayıldımmm tam beden aldim ben. Gogus kismi dar falan demişler ama bence gayet ideal. 75c giyiyorum ben ya da 80b ona gore yorumlayin. Normalde s giyerim yine s aldim ve ideal oldu. Zaten bel kemeri oldugu icin istedigim gibi daraltiyorum belini. Boy kiloda zaten ismimin yaninda yaziyor,TRENDYOLMİLLA Siyah Kuşaklı Viskon Midi Dokuma Gömlek Elbise TWOAW25EL00436
22 Ekim 2024,Boy: 173cm,Kilo: 55kg,Bilgi mevcut değil,Çok kurtarıcı kaliteli ve çok şık duran bir elbise boyum 173 kilom 55 beden olarak 34 aldım tam oldu eğer göğsünüz büyükse bir beden büyük tercih edebilirsiniz düğmeler açısından benim 75c tam oldu o 34 beden,TRENDYOLMİLLA Siyah Kuşaklı Viskon Midi Dokuma Gömlek Elbise TWOAW25EL00436
24 Eylül 2024,Bilgi mevcut değil,Bilgi mevcut değil,Beden: 40,elbise çok güzel 172 boy 80 kg 38 aldım tam oldu ama göğüs kısmı dar olduğundan rahatsız oldum oturunca düğmelerin arasından gözüküyordu içim iade kodu oluşturup 40 beden sipariş ettim.,TRENDYOLMİLLA Siyah Kuşaklı Viskon Midi Dokuma Gömlek Elbise TWOAW25EL00436
23 Eylül 2024,Boy: 168cm,Kilo: 65kg,Beden: 38,"Elbise olay akıyor kumaş, astarı yok ama mükemmel çizmelerle topuklu ayakkabıyla şık kombinlenir 👌🏻",TRENDYOLMİLLA Siyah Kuşaklı Viskon Midi Dokuma Gömlek Elbise TWOAW25EL00436
18 Eylül 2024,Bilgi mevcut değil,Bilgi mevcut değil,Beden: 42,"Boyum 160, 73 kiloyum ve 42 beden normal oldu ne dar ne bol, rahat. Diğer yorumlardakilere katılmıyorum bu konuda. Mankende göründüğü gibi bir elbise ancak yıkayınca çekti. Hem boydan hem de enden. En çok sıkıntı olmadı ama çekmemiş hali daha iyiydi. Boyu aşırı kısalmadı ama ilk hali daha iyiydi yine, kolları kısa duruyor ama kıvırıp kullanıyorum z
Devamını Oku",TRENDYOLMİLLA Siyah Kuşaklı Viskon Midi Dokuma Gömlek Elbise TWOAW25EL00436
20 Şubat 2025,Boy: 163cm,Kilo: 60kg,Beden: 38,"Hijyen sıfır, kargoyu bi açtım içinde saçlar vardı iade",TRENDYOLMİLLA Siyah Kuşaklı Viskon Midi Dokuma Gömlek Elbise TWOAW25EL00436
31 Ocak 2025,Boy: 165cm,Kilo: 65kg,Beden: 40,"çok güzel elbise, ince kumaş, ışık altında iç gösterir ona göre alın",TRENDYOLMİLLA Siyah Kuşaklı Viskon Midi Dokuma Gömlek Elbise TWOAW25EL00436
13 Aralık 2024,Boy: 165cm,Kilo: 68kg,Beden: 42,Ürün gelseydi aşırı beğenecektim fakat yanlış bir elbise geldi ve yanlış gelen elbiseyi iade olarak ta kabul etmediler. Elimde bana olmayan bir elbise kaldı. Cebimden çıkan parası da cabası. Telafi edilecek bir davranış sergilenmesini beklerdim o da olmadı. Trendyol ve Trendyolmilla dan tekrar alışveriş yapabilir miyim artık emin değilim.,TRENDYOLMİLLA Siyah Çiçekli Şifon Astarlı Dokuma Kışlık Elbise TWOAW23EL01436
07 Kasım 2024,Boy: 172cm,Kilo: 70kg,size: 40,"çok şık, kurtarıcı bir elbise",TRENDYOLMİLLA Siyah Çiçekli Şifon Astarlı Dokuma Kışlık Elbise TWOAW23EL01436
05 Ekim 2024,Boy: 175cm,Kilo: 72kg,Beden: 42,Harika. 40 beden giymeme rağmen 42 beden aldım. iyi ki de öyle yapmışım. Bir tık bol geldi ama rahatsız etmedi. yorumlara bakarak bir beden büyük aldım. deri kemer ile harika oldu. kurtarıcı bir elbise. çok şık duruyor. alınabilir. alın,TRENDYOLMİLLA Siyah Çiçekli Şifon Astarlı Dokuma Kışlık Elbise TWOAW23EL01436
09 Eylül 2024,Boy: 160cm,Kilo: 61kg,Beden: 42,Çok güzel tam beden aldım duruşu çok şık,TRENDYOLMİLLA Siyah Çiçekli Şifon Astarlı Dokuma Kışlık Elbise TWOAW23EL01436
27 Ağustos 2024,Bilgi mevcut değil,Bilgi mevcut değil,Beden: 44,"Çok şık bir elbise, tam bedeninizi alabilirsiniz.",TRENDYOLMİLLA Siyah Çiçekli Şifon Astarlı Dokuma Kışlık Elbise TWOAW23EL01436
27 Temmuz 2024,Boy: 165cm,Kilo: 65kg,Beden: 40,Ben kendi bedenimi aldım gayette güzel oldu. Duruşu çok güzel ben çok beğendim emeği geçen herkese teşekkür ederim. her almak isteyene gönül rahatlığıyla tavsiye ediyorum.Çok şık bir elbise,TRENDYOLMİLLA Siyah Çiçekli Şifon Astarlı Dokuma Kışlık Elbise TWOAW23EL01436
29 Ekim 2023,Bilgi mevcut değil,Bilgi mevcut değil,Beden: 42,tam bedeninizi alabilirsiniz,TRENDYOLMİLLA Siyah Çiçekli Şifon Astarlı Dokuma Kışlık Elbise TWOAW23EL01436
22 Ekim 2023,Boy: 165cm,Kilo: 70kg,Beden: 38,Beklediğime degen bir ürün çok şık,TRENDYOLMİLLA Siyah Çiçekli Şifon Astarlı Dokuma Kışlık Elbise TWOAW23EL01436
21 Ekim 2023,Boy: 159cm,Kilo: 47kg,Beden: 34,Çok şık bir elbise tam bedeninizi alın,TRENDYOLMİLLA Siyah Çiçekli Şifon Astarlı Dokuma Kışlık Elbise TWOAW23EL01436
17 Ekim 2023,Boy: 160cm,Kilo: 55kg,Beden: 40,"Çok güzel Lbeden aldım tam istediğim gibi oldu asil bir görünüşü var, kardeşime de hediye aldım umarım beğenir",TRENDYOLMİLLA Siyah Çiçekli Şifon Astarlı Dokuma Kışlık Elbise TWOAW23EL01436
14 Ekim 2023,Boy: 168cm,Kilo: 70kg,Beden: 40,"güzel elbise, ince zayıf gösteriyor",TRENDYOLMİLLA Siyah Çiçekli Şifon Astarlı Dokuma Kışlık Elbise TWOAW23EL01436
12 Ekim 2023,Boy: 160cm,Kilo: 85kg,Beden: 42,160 85 kiloyum 42 beden aldım fermuarı kapandı ama hareket etsem patlicak gibi elbise çok güzel çok zarif bi terziye götürüp yanlardan açtırmayı denicez bakalım(kemer bana ait),TRENDYOLMİLLA Siyah Çiçekli Şifon Astarlı Dokuma Kışlık Elbise TWOAW23EL01436
21 Eylül 2023,Bilgi mevcut değil,Bilgi mevcut değil,Beden: 38,gayet güzel.tam beden,TRENDYOLMİLLA Siyah Çiçekli Şifon Astarlı Dokuma Kışlık Elbise TWOAW23EL01436
18 Eylül 2023,Bilgi mevcut değil,Bilgi mevcut değil,Beden: 42,Elbisenin kalibi çok güzel cok begendim tam bedeninizi alın,TRENDYOLMİLLA Siyah Çiçekli Şifon Astarlı Dokuma Kışlık Elbise TWOAW23EL01436
20 Ocak 2025,Bilgi mevcut değil,Bilgi mevcut değil,Beden: 38,kumaşı ve kaliteli bir elbise boyu diz altı gayet güzel ara bedenseniz bir büyük beden tercih wdiniz tavsiye edilir çok şık duruyor siyahi biraz daha koyu olsa daha güzel olur,TRENDYOLMİLLA Siyah Çiçekli Şifon Astarlı Dokuma Kışlık Elbise TWOAW23EL01436
22 Kasım 2024,Bilgi mevcut değil,Bilgi mevcut değil,size: 38,"kalıbı çok dar oldu iade ettim, 1-2 beden büyük alınmalı.",TRENDYOLMİLLA Siyah Çiçekli Şifon Astarlı Dokuma Kışlık Elbise TWOAW23EL01436
13 Kasım 2024,Boy: 170cm,Kilo: 72kg,size: 42,"Elbise dikişi, kalıbı, kumaşı çok güzel harika oldu çok beğendim",TRENDYOLMİLLA Siyah Çiçekli Şifon Astarlı Dokuma Kışlık Elbise TWOAW23EL01436
10 Kasım 2024,Boy: 165cm,Kilo: 59kg,size: 38,Arkadaşıma hedıye aldım bayıldı,TRENDYOLMİLLA Siyah Çiçekli Şifon Astarlı Dokuma Kışlık Elbise TWOAW23EL01436
06 Kasım 2024,Boy: 170cm,Kilo: 71kg,size: 42,dikişleri dışında bı sorunu yok gayet şık ve rahat içindeyken mutlu hissettiriyor,TRENDYOLMİLLA Siyah Çiçekli Şifon Astarlı Dokuma Kışlık Elbise TWOAW23EL01436
17 Ekim 2024,Bilgi mevcut değil,Bilgi mevcut değil,size: 38,çok güzel tam kalıp hanım hanımcık elbise,TRENDYOLMİLLA Siyah Çiçekli Şifon Astarlı Dokuma Kışlık Elbise TWOAW23EL01436
20 Ağustos 2024,Bilgi mevcut değil,Bilgi mevcut değil,Beden: 44,çok güzel bı elbise cicekeri burda beyaz görünüyor ama gri çiçekli kurtarıcı bı elbise,TRENDYOLMİLLA Siyah Çiçekli Şifon Astarlı Dokuma Kışlık Elbise TWOAW23EL01436
10 Temmuz 2024,Bilgi mevcut değil,Bilgi mevcut değil,Beden: 34,çok çok çok güzel bir elbise 34 beden aldım ama biraz sıktı iade ettim 36 gelince alacağım,TRENDYOLMİLLA Siyah Çiçekli Şifon Astarlı Dokuma Kışlık Elbise TWOAW23EL01436
23 Nisan 2024,Boy: 163cm,Kilo: 68kg,Beden: 38,Arkadaşıma hediye aldım kalıbı biraz dar,TRENDYOLMİLLA Siyah Çiçekli Şifon Astarlı Dokuma Kışlık Elbise TWOAW23EL01436
25 Mart 2024,Bilgi mevcut değil,Bilgi mevcut değil,Beden: 34,Efsane güzel,TRENDYOLMİLLA Siyah Çiçekli Şifon Astarlı Dokuma Kışlık Elbise TWOAW23EL01436
09 Mart 2024,Bilgi mevcut değil,Bilgi mevcut değil,Beden: 34,Rengi göründüğü gibi değil daha açık bir renk tam siyah değil. yine de tavsiye ederim. mevsimlik hoş bir elbise,TRENDYOLMİLLA Siyah Çiçekli Şifon Astarlı Dokuma Kışlık Elbise TWOAW23EL01436
20 Şubat 2024,Bilgi mevcut değil,Bilgi mevcut değil,Beden: 38,cok guzel bur elbise.cokta ucuza aldim ben,TRENDYOLMİLLA Siyah Çiçekli Şifon Astarlı Dokuma Kışlık Elbise TWOAW23EL01436
26 Aralık 2023,Boy: 170cm,Kilo: 75kg,Beden: 42,Dar oldu üzüldüm çiçeklerin rengi resimdekinden daha solgun,TRENDYOLMİLLA Siyah Çiçekli Şifon Astarlı Dokuma Kışlık Elbise TWOAW23EL01436
26 Aralık 2023,Boy: 168cm,Kilo: 75kg,Beden: 42,Fiyatına göre çok güzel. Beliniz kalınsa bir beden büyük alın.,TRENDYOLMİLLA Siyah Çiçekli Şifon Astarlı Dokuma Kışlık Elbise TWOAW23EL01436
25 Aralık 2023,Boy: 167cm,Kilo: 75kg,Beden: 42,elbiseye bayildim tam bedeninizi alin mutlaka iki gun icinde elime ulasti .,TRENDYOLMİLLA Siyah Çiçekli Şifon Astarlı Dokuma Kışlık Elbise TWOAW23EL01436
24 Aralık 2023,Bilgi mevcut değil,Bilgi mevcut değil,Beden: 42,göründüğünden daha yaşlı işi geldi bana mecbur iade ettim,TRENDYOLMİLLA Siyah Çiçekli Şifon Astarlı Dokuma Kışlık Elbise TWOAW23EL01436
13 Aralık 2024,Boy: 165cm,Kilo: 68kg,Beden: 42,Ürün gelseydi aşırı beğenecektim fakat yanlış bir elbise geldi ve yanlış gelen elbiseyi iade olarak ta kabul etmediler. Elimde bana olmayan bir elbise kaldı. Cebimden çıkan parası da cabası. Telafi edilecek bir davranış sergilenmesini beklerdim o da olmadı. Trendyol ve Trendyolmilla dan tekrar alışveriş yapabilir miyim artık emin değilim.,TRENDYOLMİLLA Siyah Çiçekli Şifon Astarlı Dokuma Kışlık Elbise TWOAW23EL01436
07 Kasım 2024,Boy: 172cm,Kilo: 70kg,size: 40,"çok şık, kurtarıcı bir elbise",TRENDYOLMİLLA Siyah Çiçekli Şifon Astarlı Dokuma Kışlık Elbise TWOAW23EL01436
05 Ekim 2024,Boy: 175cm,Kilo: 72kg,Beden: 42,Harika. 40 beden giymeme rağmen 42 beden aldım. iyi ki de öyle yapmışım. Bir tık bol geldi ama rahatsız etmedi. yorumlara bakarak bir beden büyük aldım. deri kemer ile harika oldu. kurtarıcı bir elbise. çok şık duruyor. alınabilir. alın,TRENDYOLMİLLA Siyah Çiçekli Şifon Astarlı Dokuma Kışlık Elbise TWOAW23EL01436
09 Eylül 2024,Boy: 160cm,Kilo: 61kg,Beden: 42,Çok güzel tam beden aldım duruşu çok şık,TRENDYOLMİLLA Siyah Çiçekli Şifon Astarlı Dokuma Kışlık Elbise TWOAW23EL01436
27 Ağustos 2024,Bilgi mevcut değil,Bilgi mevcut değil,Beden: 44,"Çok şık bir elbise, tam bedeninizi alabilirsiniz.",TRENDYOLMİLLA Siyah Çiçekli Şifon Astarlı Dokuma Kışlık Elbise TWOAW23EL01436
27 Temmuz 2024,Boy: 165cm,Kilo: 65kg,Beden: 40,Ben kendi bedenimi aldım gayette güzel oldu. Duruşu çok güzel ben çok beğendim emeği geçen herkese teşekkür ederim. her almak isteyene gönül rahatlığıyla tavsiye ediyorum.Çok şık bir elbise,TRENDYOLMİLLA Siyah Çiçekli Şifon Astarlı Dokuma Kışlık Elbise TWOAW23EL01436
29 Ekim 2023,Bilgi mevcut değil,Bilgi mevcut değil,Beden: 42,tam bedeninizi alabilirsiniz,TRENDYOLMİLLA Siyah Çiçekli Şifon Astarlı Dokuma Kışlık Elbise TWOAW23EL01436
22 Ekim 2023,Boy: 165cm,Kilo: 70kg,Beden: 38,Beklediğime degen bir ürün çok şık,TRENDYOLMİLLA Siyah Çiçekli Şifon Astarlı Dokuma Kışlık Elbise TWOAW23EL01436
21 Ekim 2023,Boy: 159cm,Kilo: 47kg,Beden: 34,Çok şık bir elbise tam bedeninizi alın,TRENDYOLMİLLA Siyah Çiçekli Şifon Astarlı Dokuma Kışlık Elbise TWOAW23EL01436
17 Ekim 2023,Boy: 160cm,Kilo: 55kg,Beden: 40,"Çok güzel Lbeden aldım tam istediğim gibi oldu asil bir görünüşü var, kardeşime de hediye aldım umarım beğenir",TRENDYOLMİLLA Siyah Çiçekli Şifon Astarlı Dokuma Kışlık Elbise TWOAW23EL01436
14 Ekim 2023,Boy: 168cm,Kilo: 70kg,Beden: 40,"güzel elbise, ince zayıf gösteriyor",TRENDYOLMİLLA Siyah Çiçekli Şifon Astarlı Dokuma Kışlık Elbise TWOAW23EL01436
12 Ekim 2023,Boy: 160cm,Kilo: 85kg,Beden: 42,160 85 kiloyum 42 beden aldım fermuarı kapandı ama hareket etsem patlicak gibi elbise çok güzel çok zarif bi terziye götürüp yanlardan açtırmayı denicez bakalım(kemer bana ait),TRENDYOLMİLLA Siyah Çiçekli Şifon Astarlı Dokuma Kışlık Elbise TWOAW23EL01436
21 Eylül 2023,Bilgi mevcut değil,Bilgi mevcut değil,Beden: 38,gayet güzel.tam beden,TRENDYOLMİLLA Siyah Çiçekli Şifon Astarlı Dokuma Kışlık Elbise TWOAW23EL01436
18 Eylül 2023,Bilgi mevcut değil,Bilgi mevcut değil,Beden: 42,Elbisenin kalibi çok güzel cok begendim tam bedeninizi alın,TRENDYOLMİLLA Siyah Çiçekli Şifon Astarlı Dokuma Kışlık Elbise TWOAW23EL01436
20 Ocak 2025,Bilgi mevcut değil,Bilgi mevcut değil,Beden: 38,kumaşı ve kaliteli bir elbise boyu diz altı gayet güzel ara bedenseniz bir büyük beden tercih wdiniz tavsiye edilir çok şık duruyor siyahi biraz daha koyu olsa daha güzel olur,TRENDYOLMİLLA Siyah Çiçekli Şifon Astarlı Dokuma Kışlık Elbise TWOAW23EL01436
22 Kasım 2024,Bilgi mevcut değil,Bilgi mevcut değil,size: 38,"kalıbı çok dar oldu iade ettim, 1-2 beden büyük alınmalı.",TRENDYOLMİLLA Siyah Çiçekli Şifon Astarlı Dokuma Kışlık Elbise TWOAW23EL01436
13 Kasım 2024,Boy: 170cm,Kilo: 72kg,size: 42,"Elbise dikişi, kalıbı, kumaşı çok güzel harika oldu çok beğendim",TRENDYOLMİLLA Siyah Çiçekli Şifon Astarlı Dokuma Kışlık Elbise TWOAW23EL01436
10 Kasım 2024,Boy: 165cm,Kilo: 59kg,size: 38,Arkadaşıma hedıye aldım bayıldı,TRENDYOLMİLLA Siyah Çiçekli Şifon Astarlı Dokuma Kışlık Elbise TWOAW23EL01436
06 Kasım 2024,Boy: 170cm,Kilo: 71kg,size: 42,dikişleri dışında bı sorunu yok gayet şık ve rahat içindeyken mutlu hissettiriyor,TRENDYOLMİLLA Siyah Çiçekli Şifon Astarlı Dokuma Kışlık Elbise TWOAW23EL01436
17 Ekim 2024,Bilgi mevcut değil,Bilgi mevcut değil,size: 38,çok güzel tam kalıp hanım hanımcık elbise,TRENDYOLMİLLA Siyah Çiçekli Şifon Astarlı Dokuma Kışlık Elbise TWOAW23EL01436
20 Ağustos 2024,Bilgi mevcut değil,Bilgi mevcut değil,Beden: 44,çok güzel bı elbise cicekeri burda beyaz görünüyor ama gri çiçekli kurtarıcı bı elbise,TRENDYOLMİLLA Siyah Çiçekli Şifon Astarlı Dokuma Kışlık Elbise TWOAW23EL01436
10 Temmuz 2024,Bilgi mevcut değil,Bilgi mevcut değil,Beden: 34,çok çok çok güzel bir elbise 34 beden aldım ama biraz sıktı iade ettim 36 gelince alacağım,TRENDYOLMİLLA Siyah Çiçekli Şifon Astarlı Dokuma Kışlık Elbise TWOAW23EL01436
23 Nisan 2024,Boy: 163cm,Kilo: 68kg,Beden: 38,Arkadaşıma hediye aldım kalıbı biraz dar,TRENDYOLMİLLA Siyah Çiçekli Şifon Astarlı Dokuma Kışlık Elbise TWOAW23EL01436
25 Mart 2024,Bilgi mevcut değil,Bilgi mevcut değil,Beden: 34,Efsane güzel,TRENDYOLMİLLA Siyah Çiçekli Şifon Astarlı Dokuma Kışlık Elbise TWOAW23EL01436
09 Mart 2024,Bilgi mevcut değil,Bilgi mevcut değil,Beden: 34,Rengi göründüğü gibi değil daha açık bir renk tam siyah değil. yine de tavsiye ederim. mevsimlik hoş bir elbise,TRENDYOLMİLLA Siyah Çiçekli Şifon Astarlı Dokuma Kışlık Elbise TWOAW23EL01436
20 Şubat 2024,Bilgi mevcut değil,Bilgi mevcut değil,Beden: 38,cok guzel bur elbise.cokta ucuza aldim ben,TRENDYOLMİLLA Siyah Çiçekli Şifon Astarlı Dokuma Kışlık Elbise TWOAW23EL01436
26 Aralık 2023,Boy: 170cm,Kilo: 75kg,Beden: 42,Dar oldu üzüldüm çiçeklerin rengi resimdekinden daha solgun,TRENDYOLMİLLA Siyah Çiçekli Şifon Astarlı Dokuma Kışlık Elbise TWOAW23EL01436
26 Aralık 2023,Boy: 168cm,Kilo: 75kg,Beden: 42,Fiyatına göre çok güzel. Beliniz kalınsa bir beden büyük alın.,TRENDYOLMİLLA Siyah Çiçekli Şifon Astarlı Dokuma Kışlık Elbise TWOAW23EL01436
25 Aralık 2023,Boy: 167cm,Kilo: 75kg,Beden: 42,elbiseye bayildim tam bedeninizi alin mutlaka iki gun icinde elime ulasti .,TRENDYOLMİLLA Siyah Çiçekli Şifon Astarlı Dokuma Kışlık Elbise TWOAW23EL01436
24 Aralık 2023,Bilgi mevcut değil,Bilgi mevcut değil,Beden: 42,göründüğünden daha yaşlı işi geldi bana mecbur iade ettim,TRENDYOLMİLLA Siyah Çiçekli Şifon Astarlı Dokuma Kışlık Elbise TWOAW23EL01436
23 Aralık 2023,Bilgi mevcut değil,Bilgi mevcut değil,Beden: 38,Çok güzel bir elbise ama biraz dar kalıp gibi,TRENDYOLMİLLA Siyah Çiçekli Şifon Astarlı Dokuma Kışlık Elbise TWOAW23EL01436
22 Aralık 2023,Boy: 165cm,Kilo: 64kg,Beden: 38,Dusunmeden alin derim harika oldu,TRENDYOLMİLLA Siyah Çiçekli Şifon Astarlı Dokuma Kışlık Elbise TWOAW23EL01436
21 Aralık 2023,Bilgi mevcut değil,Bilgi mevcut değil,Beden: 38,Kalıbı çok dar.,TRENDYOLMİLLA Siyah Çiçekli Şifon Astarlı Dokuma Kışlık Elbise TWOAW23EL01436
21 Aralık 2023,Bilgi mevcut değil,Bilgi mevcut değil,Beden: 38,elbise çok güzel harikaa kesinlikle tavsiye ederim boy 165 kilo 63 38 beden tam oldu,TRENDYOLMİLLA Siyah Çiçekli Şifon Astarlı Dokuma Kışlık Elbise TWOAW23EL01436
18 Aralık 2023,Bilgi mevcut değil,Bilgi mevcut değil,Beden: 42,çok tatlışşş bi elbise,TRENDYOLMİLLA Siyah Çiçekli Şifon Astarlı Dokuma Kışlık Elbise TWOAW23EL01436
18 Aralık 2023,Bilgi mevcut değil,Bilgi mevcut değil,Beden: 42,kalip olarak kucuk 38 giyorum ama iyki 42 almism tam oldu cicekleri gri rsmdeki kadar beyaz canli degl cicekleri keske beyaz olsaydi onun disinda bir sikintisi yok guzel,TRENDYOLMİLLA Siyah Çiçekli Şifon Astarlı Dokuma Kışlık Elbise TWOAW23EL01436
16 Aralık 2023,Bilgi mevcut değil,Bilgi mevcut değil,Beden: 34,Bayıldım harika bir elbise,TRENDYOLMİLLA Siyah Çiçekli Şifon Astarlı Dokuma Kışlık Elbise TWOAW23EL01436
15 Aralık 2023,Bilgi mevcut değil,Bilgi mevcut değil,Beden: 42,2 kutu almıştım 2 kutu daha sipariş verdim bence gayet faydalı çocuklar ilk tadını beğenmedi ama sonradan alıştılar,TRENDYOLMİLLA Siyah Çiçekli Şifon Astarlı Dokuma Kışlık Elbise TWOAW23EL01436
15 Aralık 2023,Boy: 155cm,Kilo: 48kg,Beden: 34,Cok guzel elbise bayildim,TRENDYOLMİLLA Siyah Çiçekli Şifon Astarlı Dokuma Kışlık Elbise TWOAW23EL01436
02 Aralık 2023,Boy: 163cm,Kilo: 62kg,Beden: 38,Aşırı dar bir kalıp maalesef,TRENDYOLMİLLA Siyah Çiçekli Şifon Astarlı Dokuma Kışlık Elbise TWOAW23EL01436
01 Aralık 2023,Boy: 165cm,Kilo: 70kg,Beden: 42,Ürün harika,TRENDYOLMİLLA Siyah Çiçekli Şifon Astarlı Dokuma Kışlık Elbise TWOAW23EL01436
21 Kasım 2023,Boy: 150cm,Kilo: 55kg,Beden: 40,"kumaş dikiş kesim harika,havali,kaliteli,ucuş uçus,,astarli,cok beğendim,",TRENDYOLMİLLA Siyah Çiçekli Şifon Astarlı Dokuma Kışlık Elbise TWOAW23EL01436
21 Kasım 2023,Bilgi mevcut değil,Bilgi mevcut değil,Beden: 40,Herkese tavsiyemdir alın kumsşı dikimi kalitesi güzel tam beden oldu,TRENDYOLMİLLA Siyah Çiçekli Şifon Astarlı Dokuma Kışlık Elbise TWOAW23EL01436
18 Kasım 2023,Boy: 157cm,Kilo: 50kg,Beden: 34,Tam beden şık bir elbise,TRENDYOLMİLLA Siyah Çiçekli Şifon Astarlı Dokuma Kışlık Elbise TWOAW23EL01436
02 Kasım 2023,Bilgi mevcut değil,Bilgi mevcut değil,Beden: 42,Zarif bir elbise. Modeli güzel. Etek boyu istediğim uzunlukta.görseldeki gibi oldu.kumaş kalitesini beğendim.bedeninizden bir beden büyük almalısınız. 40 beden giyiyorum. 42 beden aldım daha rahat oldu.emeği geçen herkese teşekkürler,TRENDYOLMİLLA Siyah Çiçekli Şifon Astarlı Dokuma Kışlık Elbise TWOAW23EL01436
01 Kasım 2023,Bilgi mevcut değil,Bilgi mevcut değil,Beden: 42,elbiseye bayıldım tam beden üstüme oturdu kalitesi duruşu cok güzel,TRENDYOLMİLLA Siyah Çiçekli Şifon Astarlı Dokuma Kışlık Elbise TWOAW23EL01436
28 Ekim 2023,Boy: 160cm,Kilo: 70kg,Beden: 42,Bayıldım diğer rengini de aldım,TRENDYOLMİLLA Siyah Çiçekli Şifon Astarlı Dokuma Kışlık Elbise TWOAW23EL01436
27 Ekim 2023,Boy: 168cm,Kilo: 100kg,Beden: 38,kullanışlı tşkler.,TRENDYOLMİLLA Siyah Çiçekli Şifon Astarlı Dokuma Kışlık Elbise TWOAW23EL01436
23 Ekim 2023,Bilgi mevcut değil,Bilgi mevcut değil,Beden: 42,Kötü değil rengi bi tık farklı geldi modeli bana uymadı iade,TRENDYOLMİLLA Siyah Çiçekli Şifon Astarlı Dokuma Kışlık Elbise TWOAW23EL01436
08 Ekim 2023,Boy: 165cm,Kilo: 58kg,Beden: 40,Cok iyiiiii,TRENDYOLMİLLA Siyah Çiçekli Şifon Astarlı Dokuma Kışlık Elbise TWOAW23EL01436
21 Eylül 2023,Bilgi mevcut değil,Bilgi mevcut değil,Beden: 36,uçuş ucus begendim,TRENDYOLMİLLA Siyah Çiçekli Şifon Astarlı Dokuma Kışlık Elbise TWOAW23EL01436
26 Şubat 2025,Boy: 160cm,Kilo: 56kg,Beden: 38,Çok beğendimmmm,TRENDYOLMİLLA Siyah Çiçekli Şifon Astarlı Dokuma Kışlık Elbise TWOAW23EL01436
20 Ocak 2025,Boy: 165cm,Kilo: 60kg,Beden: 38,"Şifon kalitesi,modeli kesimi ,dikişi herşeyi çok güzel",TRENDYOLMİLLA Siyah Çiçekli Şifon Astarlı Dokuma Kışlık Elbise TWOAW23EL01436
24 Mart 2024,Bilgi mevcut değil,Bilgi mevcut değil,Beden: 34,teşekkürler,TRENDYOLMİLLA Siyah Çiçekli Şifon Astarlı Dokuma Kışlık Elbise TWOAW23EL01436
21 Şubat 2024,Boy: 167cm,Kilo: 59kg,Beden: 38,kalıbı kumaşı harika tam hanım hanımcık bir elbise,TRENDYOLMİLLA Siyah Çiçekli Şifon Astarlı Dokuma Kışlık Elbise TWOAW23EL01436
24 Aralık 2023,Boy: 167cm,Kilo: 55kg,Beden: 34,"Ürün çok dar en az 2 beden büyük almak gerekiyor.. iadeye yolladım, onay bekliyorum",TRENDYOLMİLLA Siyah Çiçekli Şifon Astarlı Dokuma Kışlık Elbise TWOAW23EL01436
20 Aralık 2023,Boy: 166cm,Kilo: 67kg,Beden: 38,Güzel ancak boyu biraz uzun geldi iç astarı da baya uzun,TRENDYOLMİLLA Siyah Çiçekli Şifon Astarlı Dokuma Kışlık Elbise TWOAW23EL01436
20 Aralık 2023,Bilgi mevcut değil,Bilgi mevcut değil,Beden: 42,Kumaşı dokusu harika .Mutlaka alın derim.Pisman olmazsınız.,TRENDYOLMİLLA Siyah Çiçekli Şifon Astarlı Dokuma Kışlık Elbise TWOAW23EL01436
14 Aralık 2023,Bilgi mevcut değil,Bilgi mevcut değil,Beden: 34,Çok güzel ve şık bi parça. Kalitesini beğendim. Bı fiyata gayet iyi bence. .157 yim 45 kiloyum 34 beden aldım tam oldu,TRENDYOLMİLLA Siyah Çiçekli Şifon Astarlı Dokuma Kışlık Elbise TWOAW23EL01436
14 Aralık 2023,Bilgi mevcut değil,Bilgi mevcut değil,Beden: 40,mükemmel ana dar geldi,TRENDYOLMİLLA Siyah Çiçekli Şifon Astarlı Dokuma Kışlık Elbise TWOAW23EL01436
13 Aralık 2024,Boy: 165cm,Kilo: 68kg,Beden: 42,Ürün gelseydi aşırı beğenecektim fakat yanlış bir elbise geldi ve yanlış gelen elbiseyi iade olarak ta kabul etmediler. Elimde bana olmayan bir elbise kaldı. Cebimden çıkan parası da cabası. Telafi edilecek bir davranış sergilenmesini beklerdim o da olmadı. Trendyol ve Trendyolmilla dan tekrar alışveriş yapabilir miyim artık emin değilim.,TRENDYOLMİLLA Siyah Çiçekli Şifon Astarlı Dokuma Kışlık Elbise TWOAW23EL01436
07 Kasım 2024,Boy: 172cm,Kilo: 70kg,size: 40,"çok şık, kurtarıcı bir elbise",TRENDYOLMİLLA Siyah Çiçekli Şifon Astarlı Dokuma Kışlık Elbise TWOAW23EL01436
05 Ekim 2024,Boy: 175cm,Kilo: 72kg,Beden: 42,Harika. 40 beden giymeme rağmen 42 beden aldım. iyi ki de öyle yapmışım. Bir tık bol geldi ama rahatsız etmedi. yorumlara bakarak bir beden büyük aldım. deri kemer ile harika oldu. kurtarıcı bir elbise. çok şık duruyor. alınabilir. alın,TRENDYOLMİLLA Siyah Çiçekli Şifon Astarlı Dokuma Kışlık Elbise TWOAW23EL01436
09 Eylül 2024,Boy: 160cm,Kilo: 61kg,Beden: 42,Çok güzel tam beden aldım duruşu çok şık,TRENDYOLMİLLA Siyah Çiçekli Şifon Astarlı Dokuma Kışlık Elbise TWOAW23EL01436
27 Ağustos 2024,Bilgi mevcut değil,Bilgi mevcut değil,Beden: 44,"Çok şık bir elbise, tam bedeninizi alabilirsiniz.",TRENDYOLMİLLA Siyah Çiçekli Şifon Astarlı Dokuma Kışlık Elbise TWOAW23EL01436
27 Temmuz 2024,Boy: 165cm,Kilo: 65kg,Beden: 40,Ben kendi bedenimi aldım gayette güzel oldu. Duruşu çok güzel ben çok beğendim emeği geçen herkese teşekkür ederim. her almak isteyene gönül rahatlığıyla tavsiye ediyorum.Çok şık bir elbise,TRENDYOLMİLLA Siyah Çiçekli Şifon Astarlı Dokuma Kışlık Elbise TWOAW23EL01436
29 Ekim 2023,Bilgi mevcut değil,Bilgi mevcut değil,Beden: 42,tam bedeninizi alabilirsiniz,TRENDYOLMİLLA Siyah Çiçekli Şifon Astarlı Dokuma Kışlık Elbise TWOAW23EL01436
22 Ekim 2023,Boy: 165cm,Kilo: 70kg,Beden: 38,Beklediğime degen bir ürün çok şık,TRENDYOLMİLLA Siyah Çiçekli Şifon Astarlı Dokuma Kışlık Elbise TWOAW23EL01436
21 Ekim 2023,Boy: 159cm,Kilo: 47kg,Beden: 34,Çok şık bir elbise tam bedeninizi alın,TRENDYOLMİLLA Siyah Çiçekli Şifon Astarlı Dokuma Kışlık Elbise TWOAW23EL01436
17 Ekim 2023,Boy: 160cm,Kilo: 55kg,Beden: 40,"Çok güzel Lbeden aldım tam istediğim gibi oldu asil bir görünüşü var, kardeşime de hediye aldım umarım beğenir",TRENDYOLMİLLA Siyah Çiçekli Şifon Astarlı Dokuma Kışlık Elbise TWOAW23EL01436
14 Ekim 2023,Boy: 168cm,Kilo: 70kg,Beden: 40,"güzel elbise, ince zayıf gösteriyor",TRENDYOLMİLLA Siyah Çiçekli Şifon Astarlı Dokuma Kışlık Elbise TWOAW23EL01436
12 Ekim 2023,Boy: 160cm,Kilo: 85kg,Beden: 42,160 85 kiloyum 42 beden aldım fermuarı kapandı ama hareket etsem patlicak gibi elbise çok güzel çok zarif bi terziye götürüp yanlardan açtırmayı denicez bakalım(kemer bana ait),TRENDYOLMİLLA Siyah Çiçekli Şifon Astarlı Dokuma Kışlık Elbise TWOAW23EL01436
21 Eylül 2023,Bilgi mevcut değil,Bilgi mevcut değil,Beden: 38,gayet güzel.tam beden,TRENDYOLMİLLA Siyah Çiçekli Şifon Astarlı Dokuma Kışlık Elbise TWOAW23EL01436
18 Eylül 2023,Bilgi mevcut değil,Bilgi mevcut değil,Beden: 42,Elbisenin kalibi çok güzel cok begendim tam bedeninizi alın,TRENDYOLMİLLA Siyah Çiçekli Şifon Astarlı Dokuma Kışlık Elbise TWOAW23EL01436
20 Ocak 2025,Bilgi mevcut değil,Bilgi mevcut değil,Beden: 38,kumaşı ve kaliteli bir elbise boyu diz altı gayet güzel ara bedenseniz bir büyük beden tercih wdiniz tavsiye edilir çok şık duruyor siyahi biraz daha koyu olsa daha güzel olur,TRENDYOLMİLLA Siyah Çiçekli Şifon Astarlı Dokuma Kışlık Elbise TWOAW23EL01436
22 Kasım 2024,Bilgi mevcut değil,Bilgi mevcut değil,size: 38,"kalıbı çok dar oldu iade ettim, 1-2 beden büyük alınmalı.",TRENDYOLMİLLA Siyah Çiçekli Şifon Astarlı Dokuma Kışlık Elbise TWOAW23EL01436
13 Kasım 2024,Boy: 170cm,Kilo: 72kg,size: 42,"Elbise dikişi, kalıbı, kumaşı çok güzel harika oldu çok beğendim",TRENDYOLMİLLA Siyah Çiçekli Şifon Astarlı Dokuma Kışlık Elbise TWOAW23EL01436
10 Kasım 2024,Boy: 165cm,Kilo: 59kg,size: 38,Arkadaşıma hedıye aldım bayıldı,TRENDYOLMİLLA Siyah Çiçekli Şifon Astarlı Dokuma Kışlık Elbise TWOAW23EL01436
06 Kasım 2024,Boy: 170cm,Kilo: 71kg,size: 42,dikişleri dışında bı sorunu yok gayet şık ve rahat içindeyken mutlu hissettiriyor,TRENDYOLMİLLA Siyah Çiçekli Şifon Astarlı Dokuma Kışlık Elbise TWOAW23EL01436
17 Ekim 2024,Bilgi mevcut değil,Bilgi mevcut değil,size: 38,çok güzel tam kalıp hanım hanımcık elbise,TRENDYOLMİLLA Siyah Çiçekli Şifon Astarlı Dokuma Kışlık Elbise TWOAW23EL01436
20 Ağustos 2024,Bilgi mevcut değil,Bilgi mevcut değil,Beden: 44,çok güzel bı elbise cicekeri burda beyaz görünüyor ama gri çiçekli kurtarıcı bı elbise,TRENDYOLMİLLA Siyah Çiçekli Şifon Astarlı Dokuma Kışlık Elbise TWOAW23EL01436
10 Temmuz 2024,Bilgi mevcut değil,Bilgi mevcut değil,Beden: 34,çok çok çok güzel bir elbise 34 beden aldım ama biraz sıktı iade ettim 36 gelince alacağım,TRENDYOLMİLLA Siyah Çiçekli Şifon Astarlı Dokuma Kışlık Elbise TWOAW23EL01436
23 Nisan 2024,Boy: 163cm,Kilo: 68kg,Beden: 38,Arkadaşıma hediye aldım kalıbı biraz dar,TRENDYOLMİLLA Siyah Çiçekli Şifon Astarlı Dokuma Kışlık Elbise TWOAW23EL01436
25 Mart 2024,Bilgi mevcut değil,Bilgi mevcut değil,Beden: 34,Efsane güzel,TRENDYOLMİLLA Siyah Çiçekli Şifon Astarlı Dokuma Kışlık Elbise TWOAW23EL01436
09 Mart 2024,Bilgi mevcut değil,Bilgi mevcut değil,Beden: 34,Rengi göründüğü gibi değil daha açık bir renk tam siyah değil. yine de tavsiye ederim. mevsimlik hoş bir elbise,TRENDYOLMİLLA Siyah Çiçekli Şifon Astarlı Dokuma Kışlık Elbise TWOAW23EL01436
20 Şubat 2024,Bilgi mevcut değil,Bilgi mevcut değil,Beden: 38,cok guzel bur elbise.cokta ucuza aldim ben,TRENDYOLMİLLA Siyah Çiçekli Şifon Astarlı Dokuma Kışlık Elbise TWOAW23EL01436
26 Aralık 2023,Boy: 170cm,Kilo: 75kg,Beden: 42,Dar oldu üzüldüm çiçeklerin rengi resimdekinden daha solgun,TRENDYOLMİLLA Siyah Çiçekli Şifon Astarlı Dokuma Kışlık Elbise TWOAW23EL01436
26 Aralık 2023,Boy: 168cm,Kilo: 75kg,Beden: 42,Fiyatına göre çok güzel. Beliniz kalınsa bir beden büyük alın.,TRENDYOLMİLLA Siyah Çiçekli Şifon Astarlı Dokuma Kışlık Elbise TWOAW23EL01436
25 Aralık 2023,Boy: 167cm,Kilo: 75kg,Beden: 42,elbiseye bayildim tam bedeninizi alin mutlaka iki gun icinde elime ulasti .,TRENDYOLMİLLA Siyah Çiçekli Şifon Astarlı Dokuma Kışlık Elbise TWOAW23EL01436
24 Aralık 2023,Bilgi mevcut değil,Bilgi mevcut değil,Beden: 42,göründüğünden daha yaşlı işi geldi bana mecbur iade ettim,TRENDYOLMİLLA Siyah Çiçekli Şifon Astarlı Dokuma Kışlık Elbise TWOAW23EL01436
23 Aralık 2023,Bilgi mevcut değil,Bilgi mevcut değil,Beden: 38,Çok güzel bir elbise ama biraz dar kalıp gibi,TRENDYOLMİLLA Siyah Çiçekli Şifon Astarlı Dokuma Kışlık Elbise TWOAW23EL01436
22 Aralık 2023,Boy: 165cm,Kilo: 64kg,Beden: 38,Dusunmeden alin derim harika oldu,TRENDYOLMİLLA Siyah Çiçekli Şifon Astarlı Dokuma Kışlık Elbise TWOAW23EL01436
21 Aralık 2023,Bilgi mevcut değil,Bilgi mevcut değil,Beden: 38,Kalıbı çok dar.,TRENDYOLMİLLA Siyah Çiçekli Şifon Astarlı Dokuma Kışlık Elbise TWOAW23EL01436
21 Aralık 2023,Bilgi mevcut değil,Bilgi mevcut değil,Beden: 38,elbise çok güzel harikaa kesinlikle tavsiye ederim boy 165 kilo 63 38 beden tam oldu,TRENDYOLMİLLA Siyah Çiçekli Şifon Astarlı Dokuma Kışlık Elbise TWOAW23EL01436
18 Aralık 2023,Bilgi mevcut değil,Bilgi mevcut değil,Beden: 42,çok tatlışşş bi elbise,TRENDYOLMİLLA Siyah Çiçekli Şifon Astarlı Dokuma Kışlık Elbise TWOAW23EL01436
18 Aralık 2023,Bilgi mevcut değil,Bilgi mevcut değil,Beden: 42,kalip olarak kucuk 38 giyorum ama iyki 42 almism tam oldu cicekleri gri rsmdeki kadar beyaz canli degl cicekleri keske beyaz olsaydi onun disinda bir sikintisi yok guzel,TRENDYOLMİLLA Siyah Çiçekli Şifon Astarlı Dokuma Kışlık Elbise TWOAW23EL01436
16 Aralık 2023,Bilgi mevcut değil,Bilgi mevcut değil,Beden: 34,Bayıldım harika bir elbise,TRENDYOLMİLLA Siyah Çiçekli Şifon Astarlı Dokuma Kışlık Elbise TWOAW23EL01436
15 Aralık 2023,Bilgi mevcut değil,Bilgi mevcut değil,Beden: 42,2 kutu almıştım 2 kutu daha sipariş verdim bence gayet faydalı çocuklar ilk tadını beğenmedi ama sonradan alıştılar,TRENDYOLMİLLA Siyah Çiçekli Şifon Astarlı Dokuma Kışlık Elbise TWOAW23EL01436
15 Aralık 2023,Boy: 155cm,Kilo: 48kg,Beden: 34,Cok guzel elbise bayildim,TRENDYOLMİLLA Siyah Çiçekli Şifon Astarlı Dokuma Kışlık Elbise TWOAW23EL01436
02 Aralık 2023,Boy: 163cm,Kilo: 62kg,Beden: 38,Aşırı dar bir kalıp maalesef,TRENDYOLMİLLA Siyah Çiçekli Şifon Astarlı Dokuma Kışlık Elbise TWOAW23EL01436
01 Aralık 2023,Boy: 165cm,Kilo: 70kg,Beden: 42,Ürün harika,TRENDYOLMİLLA Siyah Çiçekli Şifon Astarlı Dokuma Kışlık Elbise TWOAW23EL01436
21 Kasım 2023,Boy: 150cm,Kilo: 55kg,Beden: 40,"kumaş dikiş kesim harika,havali,kaliteli,ucuş uçus,,astarli,cok beğendim,",TRENDYOLMİLLA Siyah Çiçekli Şifon Astarlı Dokuma Kışlık Elbise TWOAW23EL01436
21 Kasım 2023,Bilgi mevcut değil,Bilgi mevcut değil,Beden: 40,Herkese tavsiyemdir alın kumsşı dikimi kalitesi güzel tam beden oldu,TRENDYOLMİLLA Siyah Çiçekli Şifon Astarlı Dokuma Kışlık Elbise TWOAW23EL01436
18 Kasım 2023,Boy: 157cm,Kilo: 50kg,Beden: 34,Tam beden şık bir elbise,TRENDYOLMİLLA Siyah Çiçekli Şifon Astarlı Dokuma Kışlık Elbise TWOAW23EL01436
02 Kasım 2023,Bilgi mevcut değil,Bilgi mevcut değil,Beden: 42,Zarif bir elbise. Modeli güzel. Etek boyu istediğim uzunlukta.görseldeki gibi oldu.kumaş kalitesini beğendim.bedeninizden bir beden büyük almalısınız. 40 beden giyiyorum. 42 beden aldım daha rahat oldu.emeği geçen herkese teşekkürler,TRENDYOLMİLLA Siyah Çiçekli Şifon Astarlı Dokuma Kışlık Elbise TWOAW23EL01436
01 Kasım 2023,Bilgi mevcut değil,Bilgi mevcut değil,Beden: 42,elbiseye bayıldım tam beden üstüme oturdu kalitesi duruşu cok güzel,TRENDYOLMİLLA Siyah Çiçekli Şifon Astarlı Dokuma Kışlık Elbise TWOAW23EL01436
28 Ekim 2023,Boy: 160cm,Kilo: 70kg,Beden: 42,Bayıldım diğer rengini de aldım,TRENDYOLMİLLA Siyah Çiçekli Şifon Astarlı Dokuma Kışlık Elbise TWOAW23EL01436
27 Ekim 2023,Boy: 168cm,Kilo: 100kg,Beden: 38,kullanışlı tşkler.,TRENDYOLMİLLA Siyah Çiçekli Şifon Astarlı Dokuma Kışlık Elbise TWOAW23EL01436
23 Ekim 2023,Bilgi mevcut değil,Bilgi mevcut değil,Beden: 42,Kötü değil rengi bi tık farklı geldi modeli bana uymadı iade,TRENDYOLMİLLA Siyah Çiçekli Şifon Astarlı Dokuma Kışlık Elbise TWOAW23EL01436
08 Ekim 2023,Boy: 165cm,Kilo: 58kg,Beden: 40,Cok iyiiiii,TRENDYOLMİLLA Siyah Çiçekli Şifon Astarlı Dokuma Kışlık Elbise TWOAW23EL01436
21 Eylül 2023,Bilgi mevcut değil,Bilgi mevcut değil,Beden: 36,uçuş ucus begendim,TRENDYOLMİLLA Siyah Çiçekli Şifon Astarlı Dokuma Kışlık Elbise TWOAW23EL01436
26 Şubat 2025,Boy: 160cm,Kilo: 56kg,Beden: 38,Çok beğendimmmm,TRENDYOLMİLLA Siyah Çiçekli Şifon Astarlı Dokuma Kışlık Elbise TWOAW23EL01436
20 Ocak 2025,Boy: 165cm,Kilo: 60kg,Beden: 38,"Şifon kalitesi,modeli kesimi ,dikişi herşeyi çok güzel",TRENDYOLMİLLA Siyah Çiçekli Şifon Astarlı Dokuma Kışlık Elbise TWOAW23EL01436
24 Mart 2024,Bilgi mevcut değil,Bilgi mevcut değil,Beden: 34,teşekkürler,TRENDYOLMİLLA Siyah Çiçekli Şifon Astarlı Dokuma Kışlık Elbise TWOAW23EL01436
21 Şubat 2024,Boy: 167cm,Kilo: 59kg,Beden: 38,kalıbı kumaşı harika tam hanım hanımcık bir elbise,TRENDYOLMİLLA Siyah Çiçekli Şifon Astarlı Dokuma Kışlık Elbise TWOAW23EL01436
24 Aralık 2023,Boy: 167cm,Kilo: 55kg,Beden: 34,"Ürün çok dar en az 2 beden büyük almak gerekiyor.. iadeye yolladım, onay bekliyorum",TRENDYOLMİLLA Siyah Çiçekli Şifon Astarlı Dokuma Kışlık Elbise TWOAW23EL01436
20 Aralık 2023,Boy: 166cm,Kilo: 67kg,Beden: 38,Güzel ancak boyu biraz uzun geldi iç astarı da baya uzun,TRENDYOLMİLLA Siyah Çiçekli Şifon Astarlı Dokuma Kışlık Elbise TWOAW23EL01436
20 Aralık 2023,Bilgi mevcut değil,Bilgi mevcut değil,Beden: 42,Kumaşı dokusu harika .Mutlaka alın derim.Pisman olmazsınız.,TRENDYOLMİLLA Siyah Çiçekli Şifon Astarlı Dokuma Kışlık Elbise TWOAW23EL01436
14 Aralık 2023,Bilgi mevcut değil,Bilgi mevcut değil,Beden: 34,Çok güzel ve şık bi parça. Kalitesini beğendim. Bı fiyata gayet iyi bence. .157 yim 45 kiloyum 34 beden aldım tam oldu,TRENDYOLMİLLA Siyah Çiçekli Şifon Astarlı Dokuma Kışlık Elbise TWOAW23EL01436
14 Aralık 2023,Bilgi mevcut değil,Bilgi mevcut değil,Beden: 40,mükemmel ana dar geldi,TRENDYOLMİLLA Siyah Çiçekli Şifon Astarlı Dokuma Kışlık Elbise TWOAW23EL01436
13 Aralık 2023,Boy: 168cm,Kilo: 55kg,Beden: 42,Çok beğendik,TRENDYOLMİLLA Siyah Çiçekli Şifon Astarlı Dokuma Kışlık Elbise TWOAW23EL01436
13 Aralık 2023,Boy: 177cm,Kilo: 61kg,Beden: 42,"Ürün siyah beyaz zannettik ama kahve gri arasında bir renk. Ürün güzel aslında ama kalıbı biraz küçük. Anneme aldık, olmadı",TRENDYOLMİLLA Siyah Çiçekli Şifon Astarlı Dokuma Kışlık Elbise TWOAW23EL01436
10 Aralık 2023,Boy: 158cm,Kilo: 53kg,Beden: 36,Çok güzel kesinlikle alabilirsiniz,TRENDYOLMİLLA Siyah Çiçekli Şifon Astarlı Dokuma Kışlık Elbise TWOAW23EL01436
09 Aralık 2023,Bilgi mevcut değil,Bilgi mevcut değil,Beden: 42,Çok güzel çok beğendim hanım hanımcık ve zayıf gösteriyor,TRENDYOLMİLLA Siyah Çiçekli Şifon Astarlı Dokuma Kışlık Elbise TWOAW23EL01436
08 Aralık 2023,Bilgi mevcut değil,Bilgi mevcut değil,Beden: 40,Çok sevdim çok şık,TRENDYOLMİLLA Siyah Çiçekli Şifon Astarlı Dokuma Kışlık Elbise TWOAW23EL01436
05 Aralık 2023,Bilgi mevcut değil,Bilgi mevcut değil,Beden: 38,çok güzel tam kalıp kalıp kumaş dikişler gayet muazzam hiç düşünmeden alabilirsiniz,TRENDYOLMİLLA Siyah Çiçekli Şifon Astarlı Dokuma Kışlık Elbise TWOAW23EL01436
03 Aralık 2023,Bilgi mevcut değil,Bilgi mevcut değil,Beden: 42,çok güzel begendim,TRENDYOLMİLLA Siyah Çiçekli Şifon Astarlı Dokuma Kışlık Elbise TWOAW23EL01436
01 Aralık 2023,Bilgi mevcut değil,Bilgi mevcut değil,Beden: 36,Beğenmedimmm,TRENDYOLMİLLA Siyah Çiçekli Şifon Astarlı Dokuma Kışlık Elbise TWOAW23EL01436
24 Kasım 2023,Boy: 177cm,Kilo: 80kg,Beden: 42,"Gayet kaliteli,kumaşı da güzel.",TRENDYOLMİLLA Siyah Çiçekli Şifon Astarlı Dokuma Kışlık Elbise TWOAW23EL01436
19 Kasım 2023,Bilgi mevcut değil,Bilgi mevcut değil,Beden: 40,1.70 boy 68 kiloyum 40 beden tam oldu.cok beğendim,TRENDYOLMİLLA Siyah Çiçekli Şifon Astarlı Dokuma Kışlık Elbise TWOAW23EL01436
02 Kasım 2023,Boy: 168cm,Kilo: 80kg,Beden: 42,kollar bol şifon. üst kumaş bol kesim şifon. alt bedeninize göre söyleyebilirsiniz üst kısım dar kalıp. aynı renk uzun astarı mevcut. diz altına kadar uzanıyor. deseni kirli beyaz-gri gibi.,TRENDYOLMİLLA Siyah Çiçekli Şifon Astarlı Dokuma Kışlık Elbise TWOAW23EL01436
31 Ekim 2023,Bilgi mevcut değil,Bilgi mevcut değil,Beden: 42,beğendim,TRENDYOLMİLLA Siyah Çiçekli Şifon Astarlı Dokuma Kışlık Elbise TWOAW23EL01436
30 Ekim 2023,Boy: 176cm,Kilo: 69kg,Beden: 42,tek kelimeyle mükemmel,TRENDYOLMİLLA Siyah Çiçekli Şifon Astarlı Dokuma Kışlık Elbise TWOAW23EL01436
17 Ekim 2023,Boy: 175cm,Kilo: 76kg,Beden: 42,Süper bayıldım,TRENDYOLMİLLA Siyah Çiçekli Şifon Astarlı Dokuma Kışlık Elbise TWOAW23EL01436
14 Ekim 2023,Bilgi mevcut değil,Bilgi mevcut değil,Beden: 34,"çok güzel, çok begendim",TRENDYOLMİLLA Siyah Çiçekli Şifon Astarlı Dokuma Kışlık Elbise TWOAW23EL01436
14 Ekim 2023,Boy: 155cm,Kilo: 55kg,Beden: 38,Çok güzel şık bir elbise,TRENDYOLMİLLA Siyah Çiçekli Şifon Astarlı Dokuma Kışlık Elbise TWOAW23EL01436
05 Ekim 2023,Boy: 164cm,Kilo: 60kg,Beden: 38,cok harika bir elbise bayildim iyiki almisim .çok begendim.,TRENDYOLMİLLA Siyah Çiçekli Şifon Astarlı Dokuma Kışlık Elbise TWOAW23EL01436
27 Eylül 2023,Boy: 168cm,Kilo: 62kg,Beden: 36,Tam bedeninizi almalısınız şık bir elbise,TRENDYOLMİLLA Siyah Çiçekli Şifon Astarlı Dokuma Kışlık Elbise TWOAW23EL01436
26 Eylül 2023,Bilgi mevcut değil,Bilgi mevcut değil,Beden: 34,çok beğendim,TRENDYOLMİLLA Siyah Çiçekli Şifon Astarlı Dokuma Kışlık Elbise TWOAW23EL01436
25 Eylül 2023,Boy: 175cm,Kilo: 71kg,Beden: 40,Beğendim 175 boy 71 kilo 40 beden çok iyi oldu,TRENDYOLMİLLA Siyah Çiçekli Şifon Astarlı Dokuma Kışlık Elbise TWOAW23EL01436
19 Eylül 2023,Boy: 175cm,Kilo: 66kg,Beden: 38,Bayıldım cok naif bir elbise tam beden gogus buyuk olan bir beden buyuk alsın cıcekler beyaz degıl kırlı beyaz tonunda bir renk,TRENDYOLMİLLA Siyah Çiçekli Şifon Astarlı Dokuma Kışlık Elbise TWOAW23EL01436
18 Eylül 2023,Boy: 164cm,Kilo: 48kg,Beden: 34,"Beden kalıbı tam.cok güzel,uçuş uçuş bir elbise.Şık duruyor teşekkürler..",TRENDYOLMİLLA Siyah Çiçekli Şifon Astarlı Dokuma Kışlık Elbise TWOAW23EL01436
15 Eylül 2023,Bilgi mevcut değil,Bilgi mevcut değil,Beden: 38,çiçekleri çok güzel diye almıştım ama boynumda tam altın kolyesi de olsa tam aşiret gelini olurum bu elbiseyle.,TRENDYOLMİLLA Siyah Çiçekli Şifon Astarlı Dokuma Kışlık Elbise TWOAW23EL01436
14 Eylül 2023,Boy: 158cm,Kilo: 72kg,Beden: 42,çok güzel ama yakışmadı,TRENDYOLMİLLA Siyah Çiçekli Şifon Astarlı Dokuma Kışlık Elbise TWOAW23EL01436
13 Eylül 2023,Boy: 165cm,Kilo: 50kg,Beden: 34,Tam beden çok şık,TRENDYOLMİLLA Siyah Çiçekli Şifon Astarlı Dokuma Kışlık Elbise TWOAW23EL01436
17 Şubat 2024,Boy: 160cm,Kilo: 64kg,Beden: 38,Millanın bu tarz ürünleri güzel midi boy ama sorun su ki çiçekleri asırı gri resimdeki gibi değil,TRENDYOLMİLLA Siyah Çiçekli Şifon Astarlı Dokuma Kışlık Elbise TWOAW23EL01436
13 Şubat 2024,Boy: 158cm,Kilo: 64kg,Beden: 38,Tam bir fiyat performans ürünü,TRENDYOLMİLLA Siyah Çiçekli Şifon Astarlı Dokuma Kışlık Elbise TWOAW23EL01436
11 Şubat 2024,Boy: 155cm,Kilo: 55kg,Beden: 38,Ürün biraz uzun geldi tadilat ile çözüldü. Görseldeki gibi geldi,TRENDYOLMİLLA Siyah Çiçekli Şifon Astarlı Dokuma Kışlık Elbise TWOAW23EL01436
23 Aralık 2023,Bilgi mevcut değil,Bilgi mevcut değil,Beden: 42,super urun,TRENDYOLMİLLA Siyah Çiçekli Şifon Astarlı Dokuma Kışlık Elbise TWOAW23EL01436
20 Aralık 2023,Bilgi mevcut değil,Bilgi mevcut değil,Beden: 42,güzel beğendim,TRENDYOLMİLLA Siyah Çiçekli Şifon Astarlı Dokuma Kışlık Elbise TWOAW23EL01436
08 Mayıs 2024,Boy: 165cm,Kilo: 60kg,Beden: 40,1.65 boy 60 kilo L beden büyük geldi. M daha iyi oturacak,TRENDYOLMİLLA Siyah Eteği Volanlı A Kesim Şifon Midi Astarlı Dokuma Elbise TWOSS22EL00733
25 Kasım 2023,Boy: 168cm,Kilo: 68kg,Beden: 34,güzel bir örün teşekkür ederim ☺️,TRENDYOLMİLLA Siyah Eteği Volanlı A Kesim Şifon Midi Astarlı Dokuma Elbise TWOSS22EL00733
05 Eylül 2023,Bilgi mevcut değil,Bilgi mevcut değil,Beden: 34,Güzel ürün,TRENDYOLMİLLA Siyah Eteği Volanlı A Kesim Şifon Midi Astarlı Dokuma Elbise TWOSS22EL00733
07 Ağustos 2023,Bilgi mevcut değil,Bilgi mevcut değil,Bilgi mevcut değil,teşekkür ederim,TRENDYOLMİLLA Siyah Eteği Volanlı A Kesim Şifon Midi Astarlı Dokuma Elbise TWOSS22EL00733
14 Temmuz 2023,Bilgi mevcut değil,Bilgi mevcut değil,Bilgi mevcut değil,Elbise çok güzel ama ya manken çok uzun yada ben çok kısayım. Gerçi boyum 1.70 ama elbise mankendekinden de uzun oldu beğenemedim o yüzden iade ettim,TRENDYOLMİLLA Siyah Eteği Volanlı A Kesim Şifon Midi Astarlı Dokuma Elbise TWOSS22EL00733
07 Temmuz 2023,Boy: 163cm,Kilo: 63kg,Bilgi mevcut değil,çok güzel ve zarif,TRENDYOLMİLLA Siyah Eteği Volanlı A Kesim Şifon Midi Astarlı Dokuma Elbise TWOSS22EL00733
27 Haziran 2023,Boy: 173cm,Kilo: 53kg,Bilgi mevcut değil,ürün çok güzel kalitesi duruşu yanlız bir beden büyük alınma ben 36 giyordum 38 aldım tam oldu teşekkür Trendyol.,TRENDYOLMİLLA Siyah Eteği Volanlı A Kesim Şifon Midi Astarlı Dokuma Elbise TWOSS22EL00733
26 Haziran 2023,Boy: 175cm,Kilo: 59kg,Bilgi mevcut değil,Ürünü çok beğendim,TRENDYOLMİLLA Siyah Eteği Volanlı A Kesim Şifon Midi Astarlı Dokuma Elbise TWOSS22EL00733
25 Haziran 2023,Boy: 155cm,Kilo: 75kg,Bilgi mevcut değil,Elbise güzel ancak beden küçül geldi üzülerek iade ettim.,TRENDYOLMİLLA Siyah Eteği Volanlı A Kesim Şifon Midi Astarlı Dokuma Elbise TWOSS22EL00733
23 Haziran 2023,Bilgi mevcut değil,Bilgi mevcut değil,Bilgi mevcut değil,hayatimda harcadigim en iyi 200 lira olabilir bu fiyata bu guzel durus ve kalite bayildim. harika bir elbise ben indirimden almistim ama bence bu fiyata da alinir cok naif her turlu ortamda giyilir muhtesemm,TRENDYOLMİLLA Siyah Eteği Volanlı A Kesim Şifon Midi Astarlı Dokuma Elbise TWOSS22EL00733
20 Haziran 2023,Bilgi mevcut değil,Bilgi mevcut değil,Bilgi mevcut değil,"Elbise güzel ama kalıbı çok dar 40 beden aldım 36 gibi geldi. Boyu 120 cm denmiş ama 106 cm, eni boyu küçük geldiği için üzülerek iade ediyorum",TRENDYOLMİLLA Siyah Eteği Volanlı A Kesim Şifon Midi Astarlı Dokuma Elbise TWOSS22EL00733
15 Haziran 2023,Boy: 152cm,Kilo: 54kg,Bilgi mevcut değil,çok kibar bir elbise aşırı hoşuma gitti eski zaman temalı bi parti için aldım çok güzel ya,TRENDYOLMİLLA Siyah Eteği Volanlı A Kesim Şifon Midi Astarlı Dokuma Elbise TWOSS22EL00733
14 Haziran 2023,Boy: 164cm,Kilo: 62kg,Bilgi mevcut değil,resimdekinin birebir aynısı geldi çok şık ve güzel tam beden alabilirsiniz,TRENDYOLMİLLA Siyah Eteği Volanlı A Kesim Şifon Midi Astarlı Dokuma Elbise TWOSS22EL00733
13 Haziran 2023,Boy: 164cm,Kilo: 74kg,Bilgi mevcut değil,Elbise çok güzel tam bedeninizi alın gayet hoş ve güzel duruyor.,TRENDYOLMİLLA Siyah Eteği Volanlı A Kesim Şifon Midi Astarlı Dokuma Elbise TWOSS22EL00733
10 Haziran 2023,Bilgi mevcut değil,Bilgi mevcut değil,Bilgi mevcut değil,160 65 kilo 42 beden aldım çok güzel tam oldu,TRENDYOLMİLLA Siyah Eteği Volanlı A Kesim Şifon Midi Astarlı Dokuma Elbise TWOSS22EL00733
09 Haziran 2023,Boy: 155cm,Kilo: 51kg,Bilgi mevcut değil,Anneme evde ki nişan için aldım 42 beden gayet güzel oldu 65 kilo boy 1.50,TRENDYOLMİLLA Siyah Eteği Volanlı A Kesim Şifon Midi Astarlı Dokuma Elbise TWOSS22EL00733
09 Haziran 2023,Boy: 175cm,Kilo: 75kg,Bilgi mevcut değil,Kalıbı güzel 👍🏻 tam bedeninizi tercih edebilirsiniz. 42 bedenim tam oldu,TRENDYOLMİLLA Siyah Eteği Volanlı A Kesim Şifon Midi Astarlı Dokuma Elbise TWOSS22EL00733
08 Haziran 2023,Bilgi mevcut değil,Bilgi mevcut değil,Bilgi mevcut değil,Elbise elime çok hızlı ulaştı oğlumun mezuniyet balosu için aldım. Çok kaliteli çok şık bir elbise. Verilen ölçülere göre alırsanız tam oluyor. iyi ki almışım. Kesinlikle tavsiyemdir.,TRENDYOLMİLLA Siyah Eteği Volanlı A Kesim Şifon Midi Astarlı Dokuma Elbise TWOSS22EL00733
07 Haziran 2023,Bilgi mevcut değil,Bilgi mevcut değil,Bilgi mevcut değil,"Ürün sorunsuz çok hızlı teslim edildi, teşekkür ederim. 1.60 boyunda 63,5 kiloda biri olarak başka markalarda 38 - 40 beden giyerken yorumlara bakarak 42 beden aldım ve tam oldu. Daha önce başka bir modelde aldığım 40 beden TRENDYOLMİLLA elbiseden de öğrendiğim üzere kalıplar dar ve mutlaka bir ya da iki beden büyüğü daha rahat oluyor.",TRENDYOLMİLLA Siyah Eteği Volanlı A Kesim Şifon Midi Astarlı Dokuma Elbise TWOSS22EL00733
07 Haziran 2023,Bilgi mevcut değil,Bilgi mevcut değil,Bilgi mevcut değil,elbise paketlemesi güzeldi ve kumaşı da güzel sağlam geldi .,TRENDYOLMİLLA Siyah Eteği Volanlı A Kesim Şifon Midi Astarlı Dokuma Elbise TWOSS22EL00733
06 Haziran 2023,Bilgi mevcut değil,Bilgi mevcut değil,Bilgi mevcut değil,Harika bir elbise bir akrabamizin düğününde giymek için aldım iyi ki almışım 155 boy 63 kilo ile 42 beden aldım üzerime dikilmiş gibi durdu teşekkür ederim,TRENDYOLMİLLA Siyah Eteği Volanlı A Kesim Şifon Midi Astarlı Dokuma Elbise TWOSS22EL00733
06 Haziran 2023,Bilgi mevcut değil,Bilgi mevcut değil,Bilgi mevcut değil,kalıbı duruşu harika,TRENDYOLMİLLA Siyah Eteği Volanlı A Kesim Şifon Midi Astarlı Dokuma Elbise TWOSS22EL00733
04 Haziran 2023,Bilgi mevcut değil,Bilgi mevcut değil,Beden: 42,"Çok zarif ve şık bir elbise, kalıbı bir tık dar, alırken bunu göz önünde bulundurmanızı öneririm.",TRENDYOLMİLLA Siyah Eteği Volanlı A Kesim Şifon Midi Astarlı Dokuma Elbise TWOSS22EL00733
04 Haziran 2023,Boy: 169cm,Kilo: 75kg,Bilgi mevcut değil,Beklediğimden daha kaliteli çıktı ürün,TRENDYOLMİLLA Siyah Eteği Volanlı A Kesim Şifon Midi Astarlı Dokuma Elbise TWOSS22EL00733
02 Haziran 2023,Bilgi mevcut değil,Bilgi mevcut değil,Bilgi mevcut değil,güzel bir elbise arkadaşımın nişanı için tercih ettim günü kurtardı,TRENDYOLMİLLA Siyah Eteği Volanlı A Kesim Şifon Midi Astarlı Dokuma Elbise TWOSS22EL00733
24 Mayıs 2023,Boy: 158cm,Kilo: 68kg,Bilgi mevcut değil,cok guzel geldi tesekkur ederim,TRENDYOLMİLLA Siyah Eteği Volanlı A Kesim Şifon Midi Astarlı Dokuma Elbise TWOSS22EL00733
19 Mayıs 2023,Bilgi mevcut değil,Bilgi mevcut değil,Bilgi mevcut değil,şık bir elbise ama bana uzun geldi boyum 1.57,TRENDYOLMİLLA Siyah Eteği Volanlı A Kesim Şifon Midi Astarlı Dokuma Elbise TWOSS22EL00733
14 Mayıs 2023,Bilgi mevcut değil,Bilgi mevcut değil,Bilgi mevcut değil,gayet şık oldu eşime rahat teşşekkür ederim,TRENDYOLMİLLA Siyah Eteği Volanlı A Kesim Şifon Midi Astarlı Dokuma Elbise TWOSS22EL00733
12 Mayıs 2023,Bilgi mevcut değil,Bilgi mevcut değil,Bilgi mevcut değil,Boyum 1.58 kilom 65 42 beden aldım tam oturdu.Kurtarıcı bir elbise,TRENDYOLMİLLA Siyah Eteği Volanlı A Kesim Şifon Midi Astarlı Dokuma Elbise TWOSS22EL00733
08 Mayıs 2023,Bilgi mevcut değil,Bilgi mevcut değil,Bilgi mevcut değil,Teşekkür ederim 🌻,TRENDYOLMİLLA Siyah Eteği Volanlı A Kesim Şifon Midi Astarlı Dokuma Elbise TWOSS22EL00733
08 Mayıs 2024,Boy: 165cm,Kilo: 60kg,Beden: 40,1.65 boy 60 kilo L beden büyük geldi. M daha iyi oturacak,TRENDYOLMİLLA Siyah Eteği Volanlı A Kesim Şifon Midi Astarlı Dokuma Elbise TWOSS22EL00733
25 Kasım 2023,Boy: 168cm,Kilo: 68kg,Beden: 34,güzel bir örün teşekkür ederim ☺️,TRENDYOLMİLLA Siyah Eteği Volanlı A Kesim Şifon Midi Astarlı Dokuma Elbise TWOSS22EL00733
05 Eylül 2023,Bilgi mevcut değil,Bilgi mevcut değil,Beden: 34,Güzel ürün,TRENDYOLMİLLA Siyah Eteği Volanlı A Kesim Şifon Midi Astarlı Dokuma Elbise TWOSS22EL00733
07 Ağustos 2023,Bilgi mevcut değil,Bilgi mevcut değil,Bilgi mevcut değil,teşekkür ederim,TRENDYOLMİLLA Siyah Eteği Volanlı A Kesim Şifon Midi Astarlı Dokuma Elbise TWOSS22EL00733
14 Temmuz 2023,Bilgi mevcut değil,Bilgi mevcut değil,Bilgi mevcut değil,Elbise çok güzel ama ya manken çok uzun yada ben çok kısayım. Gerçi boyum 1.70 ama elbise mankendekinden de uzun oldu beğenemedim o yüzden iade ettim,TRENDYOLMİLLA Siyah Eteği Volanlı A Kesim Şifon Midi Astarlı Dokuma Elbise TWOSS22EL00733
07 Temmuz 2023,Boy: 163cm,Kilo: 63kg,Bilgi mevcut değil,çok güzel ve zarif,TRENDYOLMİLLA Siyah Eteği Volanlı A Kesim Şifon Midi Astarlı Dokuma Elbise TWOSS22EL00733
27 Haziran 2023,Boy: 173cm,Kilo: 53kg,Bilgi mevcut değil,ürün çok güzel kalitesi duruşu yanlız bir beden büyük alınma ben 36 giyordum 38 aldım tam oldu teşekkür Trendyol.,TRENDYOLMİLLA Siyah Eteği Volanlı A Kesim Şifon Midi Astarlı Dokuma Elbise TWOSS22EL00733
26 Haziran 2023,Boy: 175cm,Kilo: 59kg,Bilgi mevcut değil,Ürünü çok beğendim,TRENDYOLMİLLA Siyah Eteği Volanlı A Kesim Şifon Midi Astarlı Dokuma Elbise TWOSS22EL00733
25 Haziran 2023,Boy: 155cm,Kilo: 75kg,Bilgi mevcut değil,Elbise güzel ancak beden küçül geldi üzülerek iade ettim.,TRENDYOLMİLLA Siyah Eteği Volanlı A Kesim Şifon Midi Astarlı Dokuma Elbise TWOSS22EL00733
23 Haziran 2023,Bilgi mevcut değil,Bilgi mevcut değil,Bilgi mevcut değil,hayatimda harcadigim en iyi 200 lira olabilir bu fiyata bu guzel durus ve kalite bayildim. harika bir elbise ben indirimden almistim ama bence bu fiyata da alinir cok naif her turlu ortamda giyilir muhtesemm,TRENDYOLMİLLA Siyah Eteği Volanlı A Kesim Şifon Midi Astarlı Dokuma Elbise TWOSS22EL00733
20 Haziran 2023,Bilgi mevcut değil,Bilgi mevcut değil,Bilgi mevcut değil,"Elbise güzel ama kalıbı çok dar 40 beden aldım 36 gibi geldi. Boyu 120 cm denmiş ama 106 cm, eni boyu küçük geldiği için üzülerek iade ediyorum",TRENDYOLMİLLA Siyah Eteği Volanlı A Kesim Şifon Midi Astarlı Dokuma Elbise TWOSS22EL00733
15 Haziran 2023,Boy: 152cm,Kilo: 54kg,Bilgi mevcut değil,çok kibar bir elbise aşırı hoşuma gitti eski zaman temalı bi parti için aldım çok güzel ya,TRENDYOLMİLLA Siyah Eteği Volanlı A Kesim Şifon Midi Astarlı Dokuma Elbise TWOSS22EL00733
14 Haziran 2023,Boy: 164cm,Kilo: 62kg,Bilgi mevcut değil,resimdekinin birebir aynısı geldi çok şık ve güzel tam beden alabilirsiniz,TRENDYOLMİLLA Siyah Eteği Volanlı A Kesim Şifon Midi Astarlı Dokuma Elbise TWOSS22EL00733
13 Haziran 2023,Boy: 164cm,Kilo: 74kg,Bilgi mevcut değil,Elbise çok güzel tam bedeninizi alın gayet hoş ve güzel duruyor.,TRENDYOLMİLLA Siyah Eteği Volanlı A Kesim Şifon Midi Astarlı Dokuma Elbise TWOSS22EL00733
10 Haziran 2023,Bilgi mevcut değil,Bilgi mevcut değil,Bilgi mevcut değil,160 65 kilo 42 beden aldım çok güzel tam oldu,TRENDYOLMİLLA Siyah Eteği Volanlı A Kesim Şifon Midi Astarlı Dokuma Elbise TWOSS22EL00733
09 Haziran 2023,Boy: 155cm,Kilo: 51kg,Bilgi mevcut değil,Anneme evde ki nişan için aldım 42 beden gayet güzel oldu 65 kilo boy 1.50,TRENDYOLMİLLA Siyah Eteği Volanlı A Kesim Şifon Midi Astarlı Dokuma Elbise TWOSS22EL00733
09 Haziran 2023,Boy: 175cm,Kilo: 75kg,Bilgi mevcut değil,Kalıbı güzel 👍🏻 tam bedeninizi tercih edebilirsiniz. 42 bedenim tam oldu,TRENDYOLMİLLA Siyah Eteği Volanlı A Kesim Şifon Midi Astarlı Dokuma Elbise TWOSS22EL00733
08 Haziran 2023,Bilgi mevcut değil,Bilgi mevcut değil,Bilgi mevcut değil,Elbise elime çok hızlı ulaştı oğlumun mezuniyet balosu için aldım. Çok kaliteli çok şık bir elbise. Verilen ölçülere göre alırsanız tam oluyor. iyi ki almışım. Kesinlikle tavsiyemdir.,TRENDYOLMİLLA Siyah Eteği Volanlı A Kesim Şifon Midi Astarlı Dokuma Elbise TWOSS22EL00733
07 Haziran 2023,Bilgi mevcut değil,Bilgi mevcut değil,Bilgi mevcut değil,"Ürün sorunsuz çok hızlı teslim edildi, teşekkür ederim. 1.60 boyunda 63,5 kiloda biri olarak başka markalarda 38 - 40 beden giyerken yorumlara bakarak 42 beden aldım ve tam oldu. Daha önce başka bir modelde aldığım 40 beden TRENDYOLMİLLA elbiseden de öğrendiğim üzere kalıplar dar ve mutlaka bir ya da iki beden büyüğü daha rahat oluyor.",TRENDYOLMİLLA Siyah Eteği Volanlı A Kesim Şifon Midi Astarlı Dokuma Elbise TWOSS22EL00733
07 Haziran 2023,Bilgi mevcut değil,Bilgi mevcut değil,Bilgi mevcut değil,elbise paketlemesi güzeldi ve kumaşı da güzel sağlam geldi .,TRENDYOLMİLLA Siyah Eteği Volanlı A Kesim Şifon Midi Astarlı Dokuma Elbise TWOSS22EL00733
06 Haziran 2023,Bilgi mevcut değil,Bilgi mevcut değil,Bilgi mevcut değil,Harika bir elbise bir akrabamizin düğününde giymek için aldım iyi ki almışım 155 boy 63 kilo ile 42 beden aldım üzerime dikilmiş gibi durdu teşekkür ederim,TRENDYOLMİLLA Siyah Eteği Volanlı A Kesim Şifon Midi Astarlı Dokuma Elbise TWOSS22EL00733
06 Haziran 2023,Bilgi mevcut değil,Bilgi mevcut değil,Bilgi mevcut değil,kalıbı duruşu harika,TRENDYOLMİLLA Siyah Eteği Volanlı A Kesim Şifon Midi Astarlı Dokuma Elbise TWOSS22EL00733
04 Haziran 2023,Bilgi mevcut değil,Bilgi mevcut değil,Beden: 42,"Çok zarif ve şık bir elbise, kalıbı bir tık dar, alırken bunu göz önünde bulundurmanızı öneririm.",TRENDYOLMİLLA Siyah Eteği Volanlı A Kesim Şifon Midi Astarlı Dokuma Elbise TWOSS22EL00733
04 Haziran 2023,Boy: 169cm,Kilo: 75kg,Bilgi mevcut değil,Beklediğimden daha kaliteli çıktı ürün,TRENDYOLMİLLA Siyah Eteği Volanlı A Kesim Şifon Midi Astarlı Dokuma Elbise TWOSS22EL00733
02 Haziran 2023,Bilgi mevcut değil,Bilgi mevcut değil,Bilgi mevcut değil,güzel bir elbise arkadaşımın nişanı için tercih ettim günü kurtardı,TRENDYOLMİLLA Siyah Eteği Volanlı A Kesim Şifon Midi Astarlı Dokuma Elbise TWOSS22EL00733
24 Mayıs 2023,Boy: 158cm,Kilo: 68kg,Bilgi mevcut değil,cok guzel geldi tesekkur ederim,TRENDYOLMİLLA Siyah Eteği Volanlı A Kesim Şifon Midi Astarlı Dokuma Elbise TWOSS22EL00733
19 Mayıs 2023,Bilgi mevcut değil,Bilgi mevcut değil,Bilgi mevcut değil,şık bir elbise ama bana uzun geldi boyum 1.57,TRENDYOLMİLLA Siyah Eteği Volanlı A Kesim Şifon Midi Astarlı Dokuma Elbise TWOSS22EL00733
14 Mayıs 2023,Bilgi mevcut değil,Bilgi mevcut değil,Bilgi mevcut değil,gayet şık oldu eşime rahat teşşekkür ederim,TRENDYOLMİLLA Siyah Eteği Volanlı A Kesim Şifon Midi Astarlı Dokuma Elbise TWOSS22EL00733
12 Mayıs 2023,Bilgi mevcut değil,Bilgi mevcut değil,Bilgi mevcut değil,Boyum 1.58 kilom 65 42 beden aldım tam oturdu.Kurtarıcı bir elbise,TRENDYOLMİLLA Siyah Eteği Volanlı A Kesim Şifon Midi Astarlı Dokuma Elbise TWOSS22EL00733
08 Mayıs 2023,Bilgi mevcut değil,Bilgi mevcut değil,Bilgi mevcut değil,Teşekkür ederim 🌻,TRENDYOLMİLLA Siyah Eteği Volanlı A Kesim Şifon Midi Astarlı Dokuma Elbise TWOSS22EL00733
26 Nisan 2023,Bilgi mevcut değil,Bilgi mevcut değil,Bilgi mevcut değil,ürün elime sağlam ulaştı 68 kiloyum L beden tam oldu,TRENDYOLMİLLA Siyah Eteği Volanlı A Kesim Şifon Midi Astarlı Dokuma Elbise TWOSS22EL00733
25 Aralık 2022,Bilgi mevcut değil,Bilgi mevcut değil,Beden: 42,174 boy 75 kilo 42 beden aldım süper durdu.İncecik gösteriyor.Boyu diz altımda kaldı.,TRENDYOLMİLLA Siyah Eteği Volanlı A Kesim Şifon Midi Astarlı Dokuma Elbise TWOSS22EL00733
16 Kasım 2022,Bilgi mevcut değil,Bilgi mevcut değil,Beden: 42,Elbise harika herkes çok beğendi. 1.70 boya 68 kilo böyle durdu. Kalıplar dar bir beden büyük alınmalı.,TRENDYOLMİLLA Siyah Eteği Volanlı A Kesim Şifon Midi Astarlı Dokuma Elbise TWOSS22EL00733
30 Ekim 2022,Bilgi mevcut değil,Bilgi mevcut değil,Beden: 38,"Sağlam geldi iyi paketlenmiş boyutu , vakumu gayet iyi. Teşekkür ederim.",TRENDYOLMİLLA Siyah Eteği Volanlı A Kesim Şifon Midi Astarlı Dokuma Elbise TWOSS22EL00733
20 Ekim 2022,Bilgi mevcut değil,Bilgi mevcut değil,Beden: 40,Çok güzel bir hediye oldu. Çok hızlı kargo. Teşekkür ederim,TRENDYOLMİLLA Siyah Eteği Volanlı A Kesim Şifon Midi Astarlı Dokuma Elbise TWOSS22EL00733
17 Ekim 2022,Bilgi mevcut değil,Bilgi mevcut değil,Beden: 38,klasik bir elbise,TRENDYOLMİLLA Siyah Eteği Volanlı A Kesim Şifon Midi Astarlı Dokuma Elbise TWOSS22EL00733
13 Ekim 2022,Bilgi mevcut değil,Bilgi mevcut değil,Beden: 38,elbise gerçketen üzerime tam oturdu çok rahat ve şık bir elbise,TRENDYOLMİLLA Siyah Eteği Volanlı A Kesim Şifon Midi Astarlı Dokuma Elbise TWOSS22EL00733
12 Ağustos 2022,Bilgi mevcut değil,Bilgi mevcut değil,Beden: 42,dün sipariş verdim bugün geldi. Çok teşekkür ederim.,TRENDYOLMİLLA Siyah Eteği Volanlı A Kesim Şifon Midi Astarlı Dokuma Elbise TWOSS22EL00733
11 Ağustos 2022,Bilgi mevcut değil,Bilgi mevcut değil,Beden: 40,kızıma aldım güzel sade ve şık bir elbise,TRENDYOLMİLLA Siyah Eteği Volanlı A Kesim Şifon Midi Astarlı Dokuma Elbise TWOSS22EL00733
10 Ağustos 2022,Bilgi mevcut değil,Bilgi mevcut değil,Beden: 38,Güzel sakin bir elbise çok sevdim,TRENDYOLMİLLA Siyah Eteği Volanlı A Kesim Şifon Midi Astarlı Dokuma Elbise TWOSS22EL00733
23 Temmuz 2022,Bilgi mevcut değil,Bilgi mevcut değil,Beden: 36,güzel ürün,TRENDYOLMİLLA Siyah Eteği Volanlı A Kesim Şifon Midi Astarlı Dokuma Elbise TWOSS22EL00733
21 Temmuz 2022,Bilgi mevcut değil,Bilgi mevcut değil,Beden: 40,her zaman kurtarıcı olacak bir elbise. fiyatı indirimde aldım memnunum.,TRENDYOLMİLLA Siyah Eteği Volanlı A Kesim Şifon Midi Astarlı Dokuma Elbise TWOSS22EL00733
19 Temmuz 2022,Bilgi mevcut değil,Bilgi mevcut değil,Beden: 40,"Güzel bir elbise, bedeni küçük geldiği için iade ettim, bir büyük bedeni gelince alacağım, teşekkür ederim trendyol, dikişler de bir sorun yok, satıcı firmayada teşekkür ederim.",TRENDYOLMİLLA Siyah Eteği Volanlı A Kesim Şifon Midi Astarlı Dokuma Elbise TWOSS22EL00733
19 Temmuz 2022,Bilgi mevcut değil,Bilgi mevcut değil,Beden: 40,57 kilo 1.59 boyundayım 38 beden sipariş verdim fakat çok dar oldu üstü kısmı özellikle iade ederek 40 beden aldim cok rahat oldu.Kesinlikle tavsiye ediyorum kurtarıcı parca.🌸👏,TRENDYOLMİLLA Siyah Eteği Volanlı A Kesim Şifon Midi Astarlı Dokuma Elbise TWOSS22EL00733
17 Temmuz 2022,Bilgi mevcut değil,Bilgi mevcut değil,Beden: 38,Boyum 1.68 mankendeki gibi dursaydı daha çok beğenecektim ama geri iade etmeyeceğim illa lazım olur,TRENDYOLMİLLA Siyah Eteği Volanlı A Kesim Şifon Midi Astarlı Dokuma Elbise TWOSS22EL00733
16 Temmuz 2022,Bilgi mevcut değil,Bilgi mevcut değil,Beden: 40,Şık bir ürün çok zarif sadece bedenleri sıkıntılı 40 sipariş verdim etiket 40 elbise 38 beden ama tam oldu.Kaliteli ve uygun fiyatlı,TRENDYOLMİLLA Siyah Eteği Volanlı A Kesim Şifon Midi Astarlı Dokuma Elbise TWOSS22EL00733
07 Temmuz 2022,Bilgi mevcut değil,Bilgi mevcut değil,Beden: 38,Kupon ile 110 liraya aldım çok zarif kurtarıcı bir elbise boy 170 kilo 58 M beden tam oldu,TRENDYOLMİLLA Siyah Eteği Volanlı A Kesim Şifon Midi Astarlı Dokuma Elbise TWOSS22EL00733
03 Temmuz 2022,Bilgi mevcut değil,Bilgi mevcut değil,Beden: 42,harika oldu tam kalıp teşekkürler beğenerek giyeceğim bu paraya çok iyi urun indirimden aldım birde kupon kullandım 109 tl ye geldi teşekkürler trendyolmilla,TRENDYOLMİLLA Siyah Eteği Volanlı A Kesim Şifon Midi Astarlı Dokuma Elbise TWOSS22EL00733
30 Haziran 2022,Bilgi mevcut değil,Bilgi mevcut değil,Beden: 38,Harika çok zarif bi elbise tam bedeninizi alın,TRENDYOLMİLLA Siyah Eteği Volanlı A Kesim Şifon Midi Astarlı Dokuma Elbise TWOSS22EL00733
27 Haziran 2022,Bilgi mevcut değil,Bilgi mevcut değil,Beden: 42,Çokk guzel Bi elbise beden 42 aldık fakat 38 beden gibi maalesef ondan dolayı iade ettim kargo süperr hızlı akşam söyledim sabah geldi teşekkür ederim,TRENDYOLMİLLA Siyah Eteği Volanlı A Kesim Şifon Midi Astarlı Dokuma Elbise TWOSS22EL00733
26 Haziran 2022,Bilgi mevcut değil,Bilgi mevcut değil,Beden: 38,çok kibar şık bir elbise çok beğendiğim oğlumun mezuniyet partisi için aldım 56 kilo ya 38 beden aldım çok ta güzel oldu arkadaşlarım çok beğendi,TRENDYOLMİLLA Siyah Eteği Volanlı A Kesim Şifon Midi Astarlı Dokuma Elbise TWOSS22EL00733
24 Haziran 2022,Bilgi mevcut değil,Bilgi mevcut değil,Beden: 42,çok zarif çok güzel bir elbise.. boyum 1.70 kilom 63 normalde 38 40 giyiyorum yorumlara bakarak 42 aldım ve tam oldu ne çok dar ne bol.. ben çok beğendim,TRENDYOLMİLLA Siyah Eteği Volanlı A Kesim Şifon Midi Astarlı Dokuma Elbise TWOSS22EL00733
24 Haziran 2022,Bilgi mevcut değil,Bilgi mevcut değil,Beden: 42,beğendim kurtarıcı bir elbise,TRENDYOLMİLLA Siyah Eteği Volanlı A Kesim Şifon Midi Astarlı Dokuma Elbise TWOSS22EL00733
23 Haziran 2022,Bilgi mevcut değil,Bilgi mevcut değil,Beden: 40,çok güzel abiye niyetine de giyilir. 170 boy 58 kiloya 38 dar geldi iade 40 tam uydu,TRENDYOLMİLLA Siyah Eteği Volanlı A Kesim Şifon Midi Astarlı Dokuma Elbise TWOSS22EL00733
23 Haziran 2022,Bilgi mevcut değil,Bilgi mevcut değil,Beden: 40,"Elbise çok güzel, modeli çok çok zarif. Kalıbı biraz dar gibi geldi bize. Ama model süper. Akşam sipariş verdik ertesi gün elimize ulaştı. Teşekkür ederiz Trendyolll",TRENDYOLMİLLA Siyah Eteği Volanlı A Kesim Şifon Midi Astarlı Dokuma Elbise TWOSS22EL00733
23 Haziran 2022,Bilgi mevcut değil,Bilgi mevcut değil,Beden: 42,Güzel elbise ama bir beden büyük alın,TRENDYOLMİLLA Siyah Eteği Volanlı A Kesim Şifon Midi Astarlı Dokuma Elbise TWOSS22EL00733
23 Haziran 2022,Bilgi mevcut değil,Bilgi mevcut değil,Beden: 38,"165 boy , 58 kilo 38 beden tam oldu , çok hoş zarif bir elbise",TRENDYOLMİLLA Siyah Eteği Volanlı A Kesim Şifon Midi Astarlı Dokuma Elbise TWOSS22EL00733
23 Haziran 2022,Bilgi mevcut değil,Bilgi mevcut değil,Beden: 40,"Zarif , harika.. Tavsiye ederim.. Rahat olsun derseniz bir beden büyük alın...Kalıp biraz dar ..",TRENDYOLMİLLA Siyah Eteği Volanlı A Kesim Şifon Midi Astarlı Dokuma Elbise TWOSS22EL00733
23 Haziran 2022,Bilgi mevcut değil,Bilgi mevcut değil,Beden: 40,Elbise guzel rahat tam beden alabilirsiniz sadrcr arka dikişte sorun var o yuzden 4 yildiz verdim,TRENDYOLMİLLA Siyah Eteği Volanlı A Kesim Şifon Midi Astarlı Dokuma Elbise TWOSS22EL00733
22 Haziran 2022,Bilgi mevcut değil,Bilgi mevcut değil,Beden: 40,güzel elbise,TRENDYOLMİLLA Siyah Eteği Volanlı A Kesim Şifon Midi Astarlı Dokuma Elbise TWOSS22EL00733
08 Mayıs 2024,Boy: 165cm,Kilo: 60kg,Beden: 40,1.65 boy 60 kilo L beden büyük geldi. M daha iyi oturacak,TRENDYOLMİLLA Siyah Eteği Volanlı A Kesim Şifon Midi Astarlı Dokuma Elbise TWOSS22EL00733
25 Kasım 2023,Boy: 168cm,Kilo: 68kg,Beden: 34,güzel bir örün teşekkür ederim ☺️,TRENDYOLMİLLA Siyah Eteği Volanlı A Kesim Şifon Midi Astarlı Dokuma Elbise TWOSS22EL00733
05 Eylül 2023,Bilgi mevcut değil,Bilgi mevcut değil,Beden: 34,Güzel ürün,TRENDYOLMİLLA Siyah Eteği Volanlı A Kesim Şifon Midi Astarlı Dokuma Elbise TWOSS22EL00733
07 Ağustos 2023,Bilgi mevcut değil,Bilgi mevcut değil,Bilgi mevcut değil,teşekkür ederim,TRENDYOLMİLLA Siyah Eteği Volanlı A Kesim Şifon Midi Astarlı Dokuma Elbise TWOSS22EL00733
14 Temmuz 2023,Bilgi mevcut değil,Bilgi mevcut değil,Bilgi mevcut değil,Elbise çok güzel ama ya manken çok uzun yada ben çok kısayım. Gerçi boyum 1.70 ama elbise mankendekinden de uzun oldu beğenemedim o yüzden iade ettim,TRENDYOLMİLLA Siyah Eteği Volanlı A Kesim Şifon Midi Astarlı Dokuma Elbise TWOSS22EL00733
07 Temmuz 2023,Boy: 163cm,Kilo: 63kg,Bilgi mevcut değil,çok güzel ve zarif,TRENDYOLMİLLA Siyah Eteği Volanlı A Kesim Şifon Midi Astarlı Dokuma Elbise TWOSS22EL00733
27 Haziran 2023,Boy: 173cm,Kilo: 53kg,Bilgi mevcut değil,ürün çok güzel kalitesi duruşu yanlız bir beden büyük alınma ben 36 giyordum 38 aldım tam oldu teşekkür Trendyol.,TRENDYOLMİLLA Siyah Eteği Volanlı A Kesim Şifon Midi Astarlı Dokuma Elbise TWOSS22EL00733
26 Haziran 2023,Boy: 175cm,Kilo: 59kg,Bilgi mevcut değil,Ürünü çok beğendim,TRENDYOLMİLLA Siyah Eteği Volanlı A Kesim Şifon Midi Astarlı Dokuma Elbise TWOSS22EL00733
25 Haziran 2023,Boy: 155cm,Kilo: 75kg,Bilgi mevcut değil,Elbise güzel ancak beden küçül geldi üzülerek iade ettim.,TRENDYOLMİLLA Siyah Eteği Volanlı A Kesim Şifon Midi Astarlı Dokuma Elbise TWOSS22EL00733
23 Haziran 2023,Bilgi mevcut değil,Bilgi mevcut değil,Bilgi mevcut değil,hayatimda harcadigim en iyi 200 lira olabilir bu fiyata bu guzel durus ve kalite bayildim. harika bir elbise ben indirimden almistim ama bence bu fiyata da alinir cok naif her turlu ortamda giyilir muhtesemm,TRENDYOLMİLLA Siyah Eteği Volanlı A Kesim Şifon Midi Astarlı Dokuma Elbise TWOSS22EL00733
20 Haziran 2023,Bilgi mevcut değil,Bilgi mevcut değil,Bilgi mevcut değil,"Elbise güzel ama kalıbı çok dar 40 beden aldım 36 gibi geldi. Boyu 120 cm denmiş ama 106 cm, eni boyu küçük geldiği için üzülerek iade ediyorum",TRENDYOLMİLLA Siyah Eteği Volanlı A Kesim Şifon Midi Astarlı Dokuma Elbise TWOSS22EL00733
15 Haziran 2023,Boy: 152cm,Kilo: 54kg,Bilgi mevcut değil,çok kibar bir elbise aşırı hoşuma gitti eski zaman temalı bi parti için aldım çok güzel ya,TRENDYOLMİLLA Siyah Eteği Volanlı A Kesim Şifon Midi Astarlı Dokuma Elbise TWOSS22EL00733
14 Haziran 2023,Boy: 164cm,Kilo: 62kg,Bilgi mevcut değil,resimdekinin birebir aynısı geldi çok şık ve güzel tam beden alabilirsiniz,TRENDYOLMİLLA Siyah Eteği Volanlı A Kesim Şifon Midi Astarlı Dokuma Elbise TWOSS22EL00733
13 Haziran 2023,Boy: 164cm,Kilo: 74kg,Bilgi mevcut değil,Elbise çok güzel tam bedeninizi alın gayet hoş ve güzel duruyor.,TRENDYOLMİLLA Siyah Eteği Volanlı A Kesim Şifon Midi Astarlı Dokuma Elbise TWOSS22EL00733
10 Haziran 2023,Bilgi mevcut değil,Bilgi mevcut değil,Bilgi mevcut değil,160 65 kilo 42 beden aldım çok güzel tam oldu,TRENDYOLMİLLA Siyah Eteği Volanlı A Kesim Şifon Midi Astarlı Dokuma Elbise TWOSS22EL00733
09 Haziran 2023,Boy: 155cm,Kilo: 51kg,Bilgi mevcut değil,Anneme evde ki nişan için aldım 42 beden gayet güzel oldu 65 kilo boy 1.50,TRENDYOLMİLLA Siyah Eteği Volanlı A Kesim Şifon Midi Astarlı Dokuma Elbise TWOSS22EL00733
09 Haziran 2023,Boy: 175cm,Kilo: 75kg,Bilgi mevcut değil,Kalıbı güzel 👍🏻 tam bedeninizi tercih edebilirsiniz. 42 bedenim tam oldu,TRENDYOLMİLLA Siyah Eteği Volanlı A Kesim Şifon Midi Astarlı Dokuma Elbise TWOSS22EL00733
08 Haziran 2023,Bilgi mevcut değil,Bilgi mevcut değil,Bilgi mevcut değil,Elbise elime çok hızlı ulaştı oğlumun mezuniyet balosu için aldım. Çok kaliteli çok şık bir elbise. Verilen ölçülere göre alırsanız tam oluyor. iyi ki almışım. Kesinlikle tavsiyemdir.,TRENDYOLMİLLA Siyah Eteği Volanlı A Kesim Şifon Midi Astarlı Dokuma Elbise TWOSS22EL00733
07 Haziran 2023,Bilgi mevcut değil,Bilgi mevcut değil,Bilgi mevcut değil,"Ürün sorunsuz çok hızlı teslim edildi, teşekkür ederim. 1.60 boyunda 63,5 kiloda biri olarak başka markalarda 38 - 40 beden giyerken yorumlara bakarak 42 beden aldım ve tam oldu. Daha önce başka bir modelde aldığım 40 beden TRENDYOLMİLLA elbiseden de öğrendiğim üzere kalıplar dar ve mutlaka bir ya da iki beden büyüğü daha rahat oluyor.",TRENDYOLMİLLA Siyah Eteği Volanlı A Kesim Şifon Midi Astarlı Dokuma Elbise TWOSS22EL00733
07 Haziran 2023,Bilgi mevcut değil,Bilgi mevcut değil,Bilgi mevcut değil,elbise paketlemesi güzeldi ve kumaşı da güzel sağlam geldi .,TRENDYOLMİLLA Siyah Eteği Volanlı A Kesim Şifon Midi Astarlı Dokuma Elbise TWOSS22EL00733
06 Haziran 2023,Bilgi mevcut değil,Bilgi mevcut değil,Bilgi mevcut değil,Harika bir elbise bir akrabamizin düğününde giymek için aldım iyi ki almışım 155 boy 63 kilo ile 42 beden aldım üzerime dikilmiş gibi durdu teşekkür ederim,TRENDYOLMİLLA Siyah Eteği Volanlı A Kesim Şifon Midi Astarlı Dokuma Elbise TWOSS22EL00733
06 Haziran 2023,Bilgi mevcut değil,Bilgi mevcut değil,Bilgi mevcut değil,kalıbı duruşu harika,TRENDYOLMİLLA Siyah Eteği Volanlı A Kesim Şifon Midi Astarlı Dokuma Elbise TWOSS22EL00733
04 Haziran 2023,Bilgi mevcut değil,Bilgi mevcut değil,Beden: 42,"Çok zarif ve şık bir elbise, kalıbı bir tık dar, alırken bunu göz önünde bulundurmanızı öneririm.",TRENDYOLMİLLA Siyah Eteği Volanlı A Kesim Şifon Midi Astarlı Dokuma Elbise TWOSS22EL00733
04 Haziran 2023,Boy: 169cm,Kilo: 75kg,Bilgi mevcut değil,Beklediğimden daha kaliteli çıktı ürün,TRENDYOLMİLLA Siyah Eteği Volanlı A Kesim Şifon Midi Astarlı Dokuma Elbise TWOSS22EL00733
02 Haziran 2023,Bilgi mevcut değil,Bilgi mevcut değil,Bilgi mevcut değil,güzel bir elbise arkadaşımın nişanı için tercih ettim günü kurtardı,TRENDYOLMİLLA Siyah Eteği Volanlı A Kesim Şifon Midi Astarlı Dokuma Elbise TWOSS22EL00733
24 Mayıs 2023,Boy: 158cm,Kilo: 68kg,Bilgi mevcut değil,cok guzel geldi tesekkur ederim,TRENDYOLMİLLA Siyah Eteği Volanlı A Kesim Şifon Midi Astarlı Dokuma Elbise TWOSS22EL00733
19 Mayıs 2023,Bilgi mevcut değil,Bilgi mevcut değil,Bilgi mevcut değil,şık bir elbise ama bana uzun geldi boyum 1.57,TRENDYOLMİLLA Siyah Eteği Volanlı A Kesim Şifon Midi Astarlı Dokuma Elbise TWOSS22EL00733
14 Mayıs 2023,Bilgi mevcut değil,Bilgi mevcut değil,Bilgi mevcut değil,gayet şık oldu eşime rahat teşşekkür ederim,TRENDYOLMİLLA Siyah Eteği Volanlı A Kesim Şifon Midi Astarlı Dokuma Elbise TWOSS22EL00733
12 Mayıs 2023,Bilgi mevcut değil,Bilgi mevcut değil,Bilgi mevcut değil,Boyum 1.58 kilom 65 42 beden aldım tam oturdu.Kurtarıcı bir elbise,TRENDYOLMİLLA Siyah Eteği Volanlı A Kesim Şifon Midi Astarlı Dokuma Elbise TWOSS22EL00733
08 Mayıs 2023,Bilgi mevcut değil,Bilgi mevcut değil,Bilgi mevcut değil,Teşekkür ederim 🌻,TRENDYOLMİLLA Siyah Eteği Volanlı A Kesim Şifon Midi Astarlı Dokuma Elbise TWOSS22EL00733
26 Nisan 2023,Bilgi mevcut değil,Bilgi mevcut değil,Bilgi mevcut değil,ürün elime sağlam ulaştı 68 kiloyum L beden tam oldu,TRENDYOLMİLLA Siyah Eteği Volanlı A Kesim Şifon Midi Astarlı Dokuma Elbise TWOSS22EL00733
25 Aralık 2022,Bilgi mevcut değil,Bilgi mevcut değil,Beden: 42,174 boy 75 kilo 42 beden aldım süper durdu.İncecik gösteriyor.Boyu diz altımda kaldı.,TRENDYOLMİLLA Siyah Eteği Volanlı A Kesim Şifon Midi Astarlı Dokuma Elbise TWOSS22EL00733
16 Kasım 2022,Bilgi mevcut değil,Bilgi mevcut değil,Beden: 42,Elbise harika herkes çok beğendi. 1.70 boya 68 kilo böyle durdu. Kalıplar dar bir beden büyük alınmalı.,TRENDYOLMİLLA Siyah Eteği Volanlı A Kesim Şifon Midi Astarlı Dokuma Elbise TWOSS22EL00733
30 Ekim 2022,Bilgi mevcut değil,Bilgi mevcut değil,Beden: 38,"Sağlam geldi iyi paketlenmiş boyutu , vakumu gayet iyi. Teşekkür ederim.",TRENDYOLMİLLA Siyah Eteği Volanlı A Kesim Şifon Midi Astarlı Dokuma Elbise TWOSS22EL00733
20 Ekim 2022,Bilgi mevcut değil,Bilgi mevcut değil,Beden: 40,Çok güzel bir hediye oldu. Çok hızlı kargo. Teşekkür ederim,TRENDYOLMİLLA Siyah Eteği Volanlı A Kesim Şifon Midi Astarlı Dokuma Elbise TWOSS22EL00733
17 Ekim 2022,Bilgi mevcut değil,Bilgi mevcut değil,Beden: 38,klasik bir elbise,TRENDYOLMİLLA Siyah Eteği Volanlı A Kesim Şifon Midi Astarlı Dokuma Elbise TWOSS22EL00733
13 Ekim 2022,Bilgi mevcut değil,Bilgi mevcut değil,Beden: 38,elbise gerçketen üzerime tam oturdu çok rahat ve şık bir elbise,TRENDYOLMİLLA Siyah Eteği Volanlı A Kesim Şifon Midi Astarlı Dokuma Elbise TWOSS22EL00733
12 Ağustos 2022,Bilgi mevcut değil,Bilgi mevcut değil,Beden: 42,dün sipariş verdim bugün geldi. Çok teşekkür ederim.,TRENDYOLMİLLA Siyah Eteği Volanlı A Kesim Şifon Midi Astarlı Dokuma Elbise TWOSS22EL00733
11 Ağustos 2022,Bilgi mevcut değil,Bilgi mevcut değil,Beden: 40,kızıma aldım güzel sade ve şık bir elbise,TRENDYOLMİLLA Siyah Eteği Volanlı A Kesim Şifon Midi Astarlı Dokuma Elbise TWOSS22EL00733
10 Ağustos 2022,Bilgi mevcut değil,Bilgi mevcut değil,Beden: 38,Güzel sakin bir elbise çok sevdim,TRENDYOLMİLLA Siyah Eteği Volanlı A Kesim Şifon Midi Astarlı Dokuma Elbise TWOSS22EL00733
23 Temmuz 2022,Bilgi mevcut değil,Bilgi mevcut değil,Beden: 36,güzel ürün,TRENDYOLMİLLA Siyah Eteği Volanlı A Kesim Şifon Midi Astarlı Dokuma Elbise TWOSS22EL00733
21 Temmuz 2022,Bilgi mevcut değil,Bilgi mevcut değil,Beden: 40,her zaman kurtarıcı olacak bir elbise. fiyatı indirimde aldım memnunum.,TRENDYOLMİLLA Siyah Eteği Volanlı A Kesim Şifon Midi Astarlı Dokuma Elbise TWOSS22EL00733
19 Temmuz 2022,Bilgi mevcut değil,Bilgi mevcut değil,Beden: 40,"Güzel bir elbise, bedeni küçük geldiği için iade ettim, bir büyük bedeni gelince alacağım, teşekkür ederim trendyol, dikişler de bir sorun yok, satıcı firmayada teşekkür ederim.",TRENDYOLMİLLA Siyah Eteği Volanlı A Kesim Şifon Midi Astarlı Dokuma Elbise TWOSS22EL00733
19 Temmuz 2022,Bilgi mevcut değil,Bilgi mevcut değil,Beden: 40,57 kilo 1.59 boyundayım 38 beden sipariş verdim fakat çok dar oldu üstü kısmı özellikle iade ederek 40 beden aldim cok rahat oldu.Kesinlikle tavsiye ediyorum kurtarıcı parca.🌸👏,TRENDYOLMİLLA Siyah Eteği Volanlı A Kesim Şifon Midi Astarlı Dokuma Elbise TWOSS22EL00733
17 Temmuz 2022,Bilgi mevcut değil,Bilgi mevcut değil,Beden: 38,Boyum 1.68 mankendeki gibi dursaydı daha çok beğenecektim ama geri iade etmeyeceğim illa lazım olur,TRENDYOLMİLLA Siyah Eteği Volanlı A Kesim Şifon Midi Astarlı Dokuma Elbise TWOSS22EL00733
16 Temmuz 2022,Bilgi mevcut değil,Bilgi mevcut değil,Beden: 40,Şık bir ürün çok zarif sadece bedenleri sıkıntılı 40 sipariş verdim etiket 40 elbise 38 beden ama tam oldu.Kaliteli ve uygun fiyatlı,TRENDYOLMİLLA Siyah Eteği Volanlı A Kesim Şifon Midi Astarlı Dokuma Elbise TWOSS22EL00733
07 Temmuz 2022,Bilgi mevcut değil,Bilgi mevcut değil,Beden: 38,Kupon ile 110 liraya aldım çok zarif kurtarıcı bir elbise boy 170 kilo 58 M beden tam oldu,TRENDYOLMİLLA Siyah Eteği Volanlı A Kesim Şifon Midi Astarlı Dokuma Elbise TWOSS22EL00733
03 Temmuz 2022,Bilgi mevcut değil,Bilgi mevcut değil,Beden: 42,harika oldu tam kalıp teşekkürler beğenerek giyeceğim bu paraya çok iyi urun indirimden aldım birde kupon kullandım 109 tl ye geldi teşekkürler trendyolmilla,TRENDYOLMİLLA Siyah Eteği Volanlı A Kesim Şifon Midi Astarlı Dokuma Elbise TWOSS22EL00733
30 Haziran 2022,Bilgi mevcut değil,Bilgi mevcut değil,Beden: 38,Harika çok zarif bi elbise tam bedeninizi alın,TRENDYOLMİLLA Siyah Eteği Volanlı A Kesim Şifon Midi Astarlı Dokuma Elbise TWOSS22EL00733
27 Haziran 2022,Bilgi mevcut değil,Bilgi mevcut değil,Beden: 42,Çokk guzel Bi elbise beden 42 aldık fakat 38 beden gibi maalesef ondan dolayı iade ettim kargo süperr hızlı akşam söyledim sabah geldi teşekkür ederim,TRENDYOLMİLLA Siyah Eteği Volanlı A Kesim Şifon Midi Astarlı Dokuma Elbise TWOSS22EL00733
26 Haziran 2022,Bilgi mevcut değil,Bilgi mevcut değil,Beden: 38,çok kibar şık bir elbise çok beğendiğim oğlumun mezuniyet partisi için aldım 56 kilo ya 38 beden aldım çok ta güzel oldu arkadaşlarım çok beğendi,TRENDYOLMİLLA Siyah Eteği Volanlı A Kesim Şifon Midi Astarlı Dokuma Elbise TWOSS22EL00733
24 Haziran 2022,Bilgi mevcut değil,Bilgi mevcut değil,Beden: 42,çok zarif çok güzel bir elbise.. boyum 1.70 kilom 63 normalde 38 40 giyiyorum yorumlara bakarak 42 aldım ve tam oldu ne çok dar ne bol.. ben çok beğendim,TRENDYOLMİLLA Siyah Eteği Volanlı A Kesim Şifon Midi Astarlı Dokuma Elbise TWOSS22EL00733
24 Haziran 2022,Bilgi mevcut değil,Bilgi mevcut değil,Beden: 42,beğendim kurtarıcı bir elbise,TRENDYOLMİLLA Siyah Eteği Volanlı A Kesim Şifon Midi Astarlı Dokuma Elbise TWOSS22EL00733
23 Haziran 2022,Bilgi mevcut değil,Bilgi mevcut değil,Beden: 40,çok güzel abiye niyetine de giyilir. 170 boy 58 kiloya 38 dar geldi iade 40 tam uydu,TRENDYOLMİLLA Siyah Eteği Volanlı A Kesim Şifon Midi Astarlı Dokuma Elbise TWOSS22EL00733
23 Haziran 2022,Bilgi mevcut değil,Bilgi mevcut değil,Beden: 40,"Elbise çok güzel, modeli çok çok zarif. Kalıbı biraz dar gibi geldi bize. Ama model süper. Akşam sipariş verdik ertesi gün elimize ulaştı. Teşekkür ederiz Trendyolll",TRENDYOLMİLLA Siyah Eteği Volanlı A Kesim Şifon Midi Astarlı Dokuma Elbise TWOSS22EL00733
23 Haziran 2022,Bilgi mevcut değil,Bilgi mevcut değil,Beden: 42,Güzel elbise ama bir beden büyük alın,TRENDYOLMİLLA Siyah Eteği Volanlı A Kesim Şifon Midi Astarlı Dokuma Elbise TWOSS22EL00733
23 Haziran 2022,Bilgi mevcut değil,Bilgi mevcut değil,Beden: 38,"165 boy , 58 kilo 38 beden tam oldu , çok hoş zarif bir elbise",TRENDYOLMİLLA Siyah Eteği Volanlı A Kesim Şifon Midi Astarlı Dokuma Elbise TWOSS22EL00733
23 Haziran 2022,Bilgi mevcut değil,Bilgi mevcut değil,Beden: 40,"Zarif , harika.. Tavsiye ederim.. Rahat olsun derseniz bir beden büyük alın...Kalıp biraz dar ..",TRENDYOLMİLLA Siyah Eteği Volanlı A Kesim Şifon Midi Astarlı Dokuma Elbise TWOSS22EL00733
23 Haziran 2022,Bilgi mevcut değil,Bilgi mevcut değil,Beden: 40,Elbise guzel rahat tam beden alabilirsiniz sadrcr arka dikişte sorun var o yuzden 4 yildiz verdim,TRENDYOLMİLLA Siyah Eteği Volanlı A Kesim Şifon Midi Astarlı Dokuma Elbise TWOSS22EL00733
22 Haziran 2022,Bilgi mevcut değil,Bilgi mevcut değil,Beden: 40,güzel elbise,TRENDYOLMİLLA Siyah Eteği Volanlı A Kesim Şifon Midi Astarlı Dokuma Elbise TWOSS22EL00733
22 Haziran 2022,Bilgi mevcut değil,Bilgi mevcut değil,Beden: 42,Ürün çok güzel ama kalıbı küçük kesinlkşe 1 beden büyük alınmalı,TRENDYOLMİLLA Siyah Eteği Volanlı A Kesim Şifon Midi Astarlı Dokuma Elbise TWOSS22EL00733
22 Haziran 2022,Bilgi mevcut değil,Bilgi mevcut değil,Beden: 42,Kalıbı güzel fakat 1 beden büyüğünü alın göbek varsa,TRENDYOLMİLLA Siyah Eteği Volanlı A Kesim Şifon Midi Astarlı Dokuma Elbise TWOSS22EL00733
22 Haziran 2022,Bilgi mevcut değil,Bilgi mevcut değil,Beden: 40,ürün çok şık bedeninize göre alın ben çok beğendim,TRENDYOLMİLLA Siyah Eteği Volanlı A Kesim Şifon Midi Astarlı Dokuma Elbise TWOSS22EL00733
21 Haziran 2022,Bilgi mevcut değil,Bilgi mevcut değil,Beden: 42,üründe dikim hatası mevcut. Beden kalıbı kesinlikle 42 beden değil. Ayrıca ücret iadesi olan 50 TL'nin kartıma yansıtılmasını istiyoruz kupon olarak verilmesini kabul etmiyoruz.,TRENDYOLMİLLA Siyah Eteği Volanlı A Kesim Şifon Midi Astarlı Dokuma Elbise TWOSS22EL00733
21 Haziran 2022,Bilgi mevcut değil,Bilgi mevcut değil,Beden: 40,boyum 1.75 kilo 70 40 beden tam oldu esneyen bir kumaş değil bilginiz olsun ve zayıf gösteren şık bir elbise,TRENDYOLMİLLA Siyah Eteği Volanlı A Kesim Şifon Midi Astarlı Dokuma Elbise TWOSS22EL00733
21 Haziran 2022,Bilgi mevcut değil,Bilgi mevcut değil,Beden: 40,Fiat çok uygun ürün çok güzel tavsiye ederim,TRENDYOLMİLLA Siyah Eteği Volanlı A Kesim Şifon Midi Astarlı Dokuma Elbise TWOSS22EL00733
20 Haziran 2022,Bilgi mevcut değil,Bilgi mevcut değil,Beden: 42,fiyatina gore mukemmel bir elbise cok şık ve cok zarif duruyor bir beden buyuk aldim tam oldu kumasi kaliteside cok iyi tesekkurler trendyol,TRENDYOLMİLLA Siyah Eteği Volanlı A Kesim Şifon Midi Astarlı Dokuma Elbise TWOSS22EL00733
18 Haziran 2022,Bilgi mevcut değil,Bilgi mevcut değil,Beden: 42,Çok güzel alın alın alın çok zarif duruyor boy 170 kilo 75 42 aldım tam oluyor sadece belden oturtma olduğu için zor giyiliyor yoksa efsane 👌,TRENDYOLMİLLA Siyah Eteği Volanlı A Kesim Şifon Midi Astarlı Dokuma Elbise TWOSS22EL00733
17 Haziran 2022,Bilgi mevcut değil,Bilgi mevcut değil,Beden: 36,çok çok çok zarif.kendi bedeninizi almanızı öneririm.,TRENDYOLMİLLA Siyah Eteği Volanlı A Kesim Şifon Midi Astarlı Dokuma Elbise TWOSS22EL00733
16 Haziran 2022,Bilgi mevcut değil,Bilgi mevcut değil,Beden: 42,"Ürün gerçekten güzel lakin 1 beden büyük almama rağmen fermuarını kapatamadım. Fermuarı ince fermuarlardan ve dikiş yerinden başkasının yardımı olmadan ilerlemiyor. Tek yaşayan biriyim. Arkadaşımın nikahı için aldım ama arkasını kapatacak kimsem olmadığı için maalesef giyemeyeceğim. Onun dışında çok güzel. Bir gün arkasını kapatmama yardım edecek b
Devamını Oku",TRENDYOLMİLLA Siyah Eteği Volanlı A Kesim Şifon Midi Astarlı Dokuma Elbise TWOSS22EL00733
11 Haziran 2022,Bilgi mevcut değil,Bilgi mevcut değil,Beden: 36,Kizlar elbise yikiliyor alin aldirin. 1.60 boy 52 kilo 36 beden aldim belim ince oldugu icinn cokk hafif ama cok hfif bol oldu bayildim elbiseye ❤️❤️,TRENDYOLMİLLA Siyah Eteği Volanlı A Kesim Şifon Midi Astarlı Dokuma Elbise TWOSS22EL00733
08 Haziran 2022,Bilgi mevcut değil,Bilgi mevcut değil,Beden: 36,48kilo 36beden super ürün,TRENDYOLMİLLA Siyah Eteği Volanlı A Kesim Şifon Midi Astarlı Dokuma Elbise TWOSS22EL00733
07 Haziran 2022,Bilgi mevcut değil,Bilgi mevcut değil,Beden: 36,bayıldım 🌸🌸,TRENDYOLMİLLA Siyah Eteği Volanlı A Kesim Şifon Midi Astarlı Dokuma Elbise TWOSS22EL00733
06 Haziran 2022,Bilgi mevcut değil,Bilgi mevcut değil,Beden: 36,"158 boy ,47 kiloyum s beden tercih ettim oldu ,ürün harika sözüm için kullanacağım içiniz rahat alabilirsiniz :)2 gün önce sipariş ettim hemen teslim edildi satıcı ve kargo harika ✌️",TRENDYOLMİLLA Siyah Eteği Volanlı A Kesim Şifon Midi Astarlı Dokuma Elbise TWOSS22EL00733
25 Mayıs 2022,Bilgi mevcut değil,Bilgi mevcut değil,Beden: 38,İçinde astarı var günlük güzel bi elbise 1.60 boy 50 kilo 38 büyük geldi iade edip 36 alıcam,TRENDYOLMİLLA Siyah Eteği Volanlı A Kesim Şifon Midi Astarlı Dokuma Elbise TWOSS22EL00733
18 Mayıs 2022,Bilgi mevcut değil,Bilgi mevcut değil,Beden: 42,İndirimle 142 liraya aldım kumaşı dokusu gayet güzel.,TRENDYOLMİLLA Siyah Eteği Volanlı A Kesim Şifon Midi Astarlı Dokuma Elbise TWOSS22EL00733
14 Mayıs 2022,Bilgi mevcut değil,Bilgi mevcut değil,Beden: 40,Çok zarif bi elbise kuponla çok uyguna geldi 70 kiloyum 40 beden bi tık sıktı 42 alsam daha rahat olurdu,TRENDYOLMİLLA Siyah Eteği Volanlı A Kesim Şifon Midi Astarlı Dokuma Elbise TWOSS22EL00733
13 Mayıs 2022,Bilgi mevcut değil,Bilgi mevcut değil,Beden: 42,çeyizim için sipariş verdim 74 kiloyum 42 beden söyledim tam oldu. siyah güzel sade şifon bir elbise almak isteyen varsa bu fiyata kaçırmasın derim,TRENDYOLMİLLA Siyah Eteği Volanlı A Kesim Şifon Midi Astarlı Dokuma Elbise TWOSS22EL00733
12 Mayıs 2022,Bilgi mevcut değil,Bilgi mevcut değil,Beden: 38,Çok beğendim çok güzel bi ürün. 55 kilo 1.60 boy 38 beden tam oldu. 🤗,TRENDYOLMİLLA Siyah Eteği Volanlı A Kesim Şifon Midi Astarlı Dokuma Elbise TWOSS22EL00733
11 Mayıs 2022,Bilgi mevcut değil,Bilgi mevcut değil,Beden: 38,Elbise güzel ama kalıbı çok dar.1.62 boy 60 kilo m beden aldım aşırı dar oldu mecburen iade.,TRENDYOLMİLLA Siyah Eteği Volanlı A Kesim Şifon Midi Astarlı Dokuma Elbise TWOSS22EL00733
09 Mayıs 2022,Bilgi mevcut değil,Bilgi mevcut değil,Beden: 38,gayet güzel fiyatı da çok iyi. tam bedeninizi alabilirsiniz 163 boy 58 kilo 38 beden tam oldu. teşekkür ederim.,TRENDYOLMİLLA Siyah Eteği Volanlı A Kesim Şifon Midi Astarlı Dokuma Elbise TWOSS22EL00733
07 Mayıs 2022,Bilgi mevcut değil,Bilgi mevcut değil,Beden: 38,Elbise cok güzel kumaşı kaliteli baseni olanlar bir beden büyük alabilir 36 aldım olmadı 38 sipariş verdim,TRENDYOLMİLLA Siyah Eteği Volanlı A Kesim Şifon Midi Astarlı Dokuma Elbise TWOSS22EL00733
07 Ağustos 2024,Boy: 153cm,Kilo: 53kg,Beden: 34,Ürün göründüğü gibi ancak dikişleri çok kötü paketleme çok kötü geldi ancak kargo hızlıydı fiyatı hak etmiyor pazar malı,TRENDYOLMİLLA Siyah Eteği Volanlı A Kesim Şifon Midi Astarlı Dokuma Elbise TWOSS22EL00733
07 Ağustos 2024,Boy: 160cm,Kilo: 68kg,Beden: 42,elbisem göründüğü gibi geldi sorunsuz,TRENDYOLMİLLA Siyah Eteği Volanlı A Kesim Şifon Midi Astarlı Dokuma Elbise TWOSS22EL00733
29 Temmuz 2024,Boy: 160cm,Kilo: 52kg,Beden: 42,Elbise çok güzel ancak dikiş hatası var. İade edip tekrar alacağım,TRENDYOLMİLLA Siyah Eteği Volanlı A Kesim Şifon Midi Astarlı Dokuma Elbise TWOSS22EL00733
27 Temmuz 2024,Boy: 171cm,Kilo: 82kg,Beden: 44,rengi çok tatlı üzerinde çok güzel duruyor bayıldımmmmm o kadar dar değil normalde göğüs sıkıntısı çekerim ama olmadı 82 kilo boy 171,TRENDYOLMİLLA Siyah Eteği Volanlı A Kesim Şifon Midi Astarlı Dokuma Elbise TWOSS22EL00733
26 Temmuz 2024,Boy: 175cm,Kilo: 52kg,Beden: 42,annem için almıştım çok beğendi tam beden alınabilir çok tatlı bir elbise 🤍,TRENDYOLMİLLA Siyah Eteği Volanlı A Kesim Şifon Midi Astarlı Dokuma Elbise TWOSS22EL00733
26 Temmuz 2024,Boy: 183cm,Kilo: 93kg,Beden: 44,"Bu elbisenin kırmızısını severek kullandığımdan siyahını almak istedim, model olarak çok zarif sade şık bir elbise fakat dikişleri problemli. Sırt fermuar dikişleri yamuk. Fermuarın alt başlangıcı sol üst son kısmı sağa doğru ilerliyor. Cemiyet için alacaksacanız eğer tek seçenek bu elbise olmasın benim gibi zora düşmeyin.",TRENDYOLMİLLA Siyah Eteği Volanlı A Kesim Şifon Midi Astarlı Dokuma Elbise TWOSS22EL00733
24 Temmuz 2024,Boy: 163cm,Kilo: 60kg,Beden: 40,Ürünüm hatalı geldi ve kendime yakıştıramadım,TRENDYOLMİLLA Siyah Eteği Volanlı A Kesim Şifon Midi Astarlı Dokuma Elbise TWOSS22EL00733
23 Temmuz 2024,Boy: 170cm,Kilo: 65kg,Beden: 40,yırtık geldi iade,TRENDYOLMİLLA Siyah Eteği Volanlı A Kesim Şifon Midi Astarlı Dokuma Elbise TWOSS22EL00733
08 Mayıs 2024,Boy: 165cm,Kilo: 60kg,Beden: 40,1.65 boy 60 kilo L beden büyük geldi. M daha iyi oturacak,TRENDYOLMİLLA Siyah Eteği Volanlı A Kesim Şifon Midi Astarlı Dokuma Elbise TWOSS22EL00733
25 Kasım 2023,Boy: 168cm,Kilo: 68kg,Beden: 34,güzel bir örün teşekkür ederim ☺️,TRENDYOLMİLLA Siyah Eteği Volanlı A Kesim Şifon Midi Astarlı Dokuma Elbise TWOSS22EL00733
05 Eylül 2023,Bilgi mevcut değil,Bilgi mevcut değil,Beden: 34,Güzel ürün,TRENDYOLMİLLA Siyah Eteği Volanlı A Kesim Şifon Midi Astarlı Dokuma Elbise TWOSS22EL00733
07 Ağustos 2023,Bilgi mevcut değil,Bilgi mevcut değil,Bilgi mevcut değil,teşekkür ederim,TRENDYOLMİLLA Siyah Eteği Volanlı A Kesim Şifon Midi Astarlı Dokuma Elbise TWOSS22EL00733
14 Temmuz 2023,Bilgi mevcut değil,Bilgi mevcut değil,Bilgi mevcut değil,Elbise çok güzel ama ya manken çok uzun yada ben çok kısayım. Gerçi boyum 1.70 ama elbise mankendekinden de uzun oldu beğenemedim o yüzden iade ettim,TRENDYOLMİLLA Siyah Eteği Volanlı A Kesim Şifon Midi Astarlı Dokuma Elbise TWOSS22EL00733
07 Temmuz 2023,Boy: 163cm,Kilo: 63kg,Bilgi mevcut değil,çok güzel ve zarif,TRENDYOLMİLLA Siyah Eteği Volanlı A Kesim Şifon Midi Astarlı Dokuma Elbise TWOSS22EL00733
27 Haziran 2023,Boy: 173cm,Kilo: 53kg,Bilgi mevcut değil,ürün çok güzel kalitesi duruşu yanlız bir beden büyük alınma ben 36 giyordum 38 aldım tam oldu teşekkür Trendyol.,TRENDYOLMİLLA Siyah Eteği Volanlı A Kesim Şifon Midi Astarlı Dokuma Elbise TWOSS22EL00733
26 Haziran 2023,Boy: 175cm,Kilo: 59kg,Bilgi mevcut değil,Ürünü çok beğendim,TRENDYOLMİLLA Siyah Eteği Volanlı A Kesim Şifon Midi Astarlı Dokuma Elbise TWOSS22EL00733
25 Haziran 2023,Boy: 155cm,Kilo: 75kg,Bilgi mevcut değil,Elbise güzel ancak beden küçül geldi üzülerek iade ettim.,TRENDYOLMİLLA Siyah Eteği Volanlı A Kesim Şifon Midi Astarlı Dokuma Elbise TWOSS22EL00733
23 Haziran 2023,Bilgi mevcut değil,Bilgi mevcut değil,Bilgi mevcut değil,hayatimda harcadigim en iyi 200 lira olabilir bu fiyata bu guzel durus ve kalite bayildim. harika bir elbise ben indirimden almistim ama bence bu fiyata da alinir cok naif her turlu ortamda giyilir muhtesemm,TRENDYOLMİLLA Siyah Eteği Volanlı A Kesim Şifon Midi Astarlı Dokuma Elbise TWOSS22EL00733
20 Haziran 2023,Bilgi mevcut değil,Bilgi mevcut değil,Bilgi mevcut değil,"Elbise güzel ama kalıbı çok dar 40 beden aldım 36 gibi geldi. Boyu 120 cm denmiş ama 106 cm, eni boyu küçük geldiği için üzülerek iade ediyorum",TRENDYOLMİLLA Siyah Eteği Volanlı A Kesim Şifon Midi Astarlı Dokuma Elbise TWOSS22EL00733
15 Haziran 2023,Boy: 152cm,Kilo: 54kg,Bilgi mevcut değil,çok kibar bir elbise aşırı hoşuma gitti eski zaman temalı bi parti için aldım çok güzel ya,TRENDYOLMİLLA Siyah Eteği Volanlı A Kesim Şifon Midi Astarlı Dokuma Elbise TWOSS22EL00733
14 Haziran 2023,Boy: 164cm,Kilo: 62kg,Bilgi mevcut değil,resimdekinin birebir aynısı geldi çok şık ve güzel tam beden alabilirsiniz,TRENDYOLMİLLA Siyah Eteği Volanlı A Kesim Şifon Midi Astarlı Dokuma Elbise TWOSS22EL00733
13 Haziran 2023,Boy: 164cm,Kilo: 74kg,Bilgi mevcut değil,Elbise çok güzel tam bedeninizi alın gayet hoş ve güzel duruyor.,TRENDYOLMİLLA Siyah Eteği Volanlı A Kesim Şifon Midi Astarlı Dokuma Elbise TWOSS22EL00733
10 Haziran 2023,Bilgi mevcut değil,Bilgi mevcut değil,Bilgi mevcut değil,160 65 kilo 42 beden aldım çok güzel tam oldu,TRENDYOLMİLLA Siyah Eteği Volanlı A Kesim Şifon Midi Astarlı Dokuma Elbise TWOSS22EL00733
09 Haziran 2023,Boy: 155cm,Kilo: 51kg,Bilgi mevcut değil,Anneme evde ki nişan için aldım 42 beden gayet güzel oldu 65 kilo boy 1.50,TRENDYOLMİLLA Siyah Eteği Volanlı A Kesim Şifon Midi Astarlı Dokuma Elbise TWOSS22EL00733
09 Haziran 2023,Boy: 175cm,Kilo: 75kg,Bilgi mevcut değil,Kalıbı güzel 👍🏻 tam bedeninizi tercih edebilirsiniz. 42 bedenim tam oldu,TRENDYOLMİLLA Siyah Eteği Volanlı A Kesim Şifon Midi Astarlı Dokuma Elbise TWOSS22EL00733
08 Haziran 2023,Bilgi mevcut değil,Bilgi mevcut değil,Bilgi mevcut değil,Elbise elime çok hızlı ulaştı oğlumun mezuniyet balosu için aldım. Çok kaliteli çok şık bir elbise. Verilen ölçülere göre alırsanız tam oluyor. iyi ki almışım. Kesinlikle tavsiyemdir.,TRENDYOLMİLLA Siyah Eteği Volanlı A Kesim Şifon Midi Astarlı Dokuma Elbise TWOSS22EL00733
07 Haziran 2023,Bilgi mevcut değil,Bilgi mevcut değil,Bilgi mevcut değil,"Ürün sorunsuz çok hızlı teslim edildi, teşekkür ederim. 1.60 boyunda 63,5 kiloda biri olarak başka markalarda 38 - 40 beden giyerken yorumlara bakarak 42 beden aldım ve tam oldu. Daha önce başka bir modelde aldığım 40 beden TRENDYOLMİLLA elbiseden de öğrendiğim üzere kalıplar dar ve mutlaka bir ya da iki beden büyüğü daha rahat oluyor.",TRENDYOLMİLLA Siyah Eteği Volanlı A Kesim Şifon Midi Astarlı Dokuma Elbise TWOSS22EL00733
07 Haziran 2023,Bilgi mevcut değil,Bilgi mevcut değil,Bilgi mevcut değil,elbise paketlemesi güzeldi ve kumaşı da güzel sağlam geldi .,TRENDYOLMİLLA Siyah Eteği Volanlı A Kesim Şifon Midi Astarlı Dokuma Elbise TWOSS22EL00733
06 Haziran 2023,Bilgi mevcut değil,Bilgi mevcut değil,Bilgi mevcut değil,Harika bir elbise bir akrabamizin düğününde giymek için aldım iyi ki almışım 155 boy 63 kilo ile 42 beden aldım üzerime dikilmiş gibi durdu teşekkür ederim,TRENDYOLMİLLA Siyah Eteği Volanlı A Kesim Şifon Midi Astarlı Dokuma Elbise TWOSS22EL00733
06 Haziran 2023,Bilgi mevcut değil,Bilgi mevcut değil,Bilgi mevcut değil,kalıbı duruşu harika,TRENDYOLMİLLA Siyah Eteği Volanlı A Kesim Şifon Midi Astarlı Dokuma Elbise TWOSS22EL00733
04 Haziran 2023,Bilgi mevcut değil,Bilgi mevcut değil,Beden: 42,"Çok zarif ve şık bir elbise, kalıbı bir tık dar, alırken bunu göz önünde bulundurmanızı öneririm.",TRENDYOLMİLLA Siyah Eteği Volanlı A Kesim Şifon Midi Astarlı Dokuma Elbise TWOSS22EL00733
04 Haziran 2023,Boy: 169cm,Kilo: 75kg,Bilgi mevcut değil,Beklediğimden daha kaliteli çıktı ürün,TRENDYOLMİLLA Siyah Eteği Volanlı A Kesim Şifon Midi Astarlı Dokuma Elbise TWOSS22EL00733
02 Haziran 2023,Bilgi mevcut değil,Bilgi mevcut değil,Bilgi mevcut değil,güzel bir elbise arkadaşımın nişanı için tercih ettim günü kurtardı,TRENDYOLMİLLA Siyah Eteği Volanlı A Kesim Şifon Midi Astarlı Dokuma Elbise TWOSS22EL00733
24 Mayıs 2023,Boy: 158cm,Kilo: 68kg,Bilgi mevcut değil,cok guzel geldi tesekkur ederim,TRENDYOLMİLLA Siyah Eteği Volanlı A Kesim Şifon Midi Astarlı Dokuma Elbise TWOSS22EL00733
19 Mayıs 2023,Bilgi mevcut değil,Bilgi mevcut değil,Bilgi mevcut değil,şık bir elbise ama bana uzun geldi boyum 1.57,TRENDYOLMİLLA Siyah Eteği Volanlı A Kesim Şifon Midi Astarlı Dokuma Elbise TWOSS22EL00733
14 Mayıs 2023,Bilgi mevcut değil,Bilgi mevcut değil,Bilgi mevcut değil,gayet şık oldu eşime rahat teşşekkür ederim,TRENDYOLMİLLA Siyah Eteği Volanlı A Kesim Şifon Midi Astarlı Dokuma Elbise TWOSS22EL00733
12 Mayıs 2023,Bilgi mevcut değil,Bilgi mevcut değil,Bilgi mevcut değil,Boyum 1.58 kilom 65 42 beden aldım tam oturdu.Kurtarıcı bir elbise,TRENDYOLMİLLA Siyah Eteği Volanlı A Kesim Şifon Midi Astarlı Dokuma Elbise TWOSS22EL00733
08 Mayıs 2023,Bilgi mevcut değil,Bilgi mevcut değil,Bilgi mevcut değil,Teşekkür ederim 🌻,TRENDYOLMİLLA Siyah Eteği Volanlı A Kesim Şifon Midi Astarlı Dokuma Elbise TWOSS22EL00733
26 Nisan 2023,Bilgi mevcut değil,Bilgi mevcut değil,Bilgi mevcut değil,ürün elime sağlam ulaştı 68 kiloyum L beden tam oldu,TRENDYOLMİLLA Siyah Eteği Volanlı A Kesim Şifon Midi Astarlı Dokuma Elbise TWOSS22EL00733
25 Aralık 2022,Bilgi mevcut değil,Bilgi mevcut değil,Beden: 42,174 boy 75 kilo 42 beden aldım süper durdu.İncecik gösteriyor.Boyu diz altımda kaldı.,TRENDYOLMİLLA Siyah Eteği Volanlı A Kesim Şifon Midi Astarlı Dokuma Elbise TWOSS22EL00733
16 Kasım 2022,Bilgi mevcut değil,Bilgi mevcut değil,Beden: 42,Elbise harika herkes çok beğendi. 1.70 boya 68 kilo böyle durdu. Kalıplar dar bir beden büyük alınmalı.,TRENDYOLMİLLA Siyah Eteği Volanlı A Kesim Şifon Midi Astarlı Dokuma Elbise TWOSS22EL00733
30 Ekim 2022,Bilgi mevcut değil,Bilgi mevcut değil,Beden: 38,"Sağlam geldi iyi paketlenmiş boyutu , vakumu gayet iyi. Teşekkür ederim.",TRENDYOLMİLLA Siyah Eteği Volanlı A Kesim Şifon Midi Astarlı Dokuma Elbise TWOSS22EL00733
20 Ekim 2022,Bilgi mevcut değil,Bilgi mevcut değil,Beden: 40,Çok güzel bir hediye oldu. Çok hızlı kargo. Teşekkür ederim,TRENDYOLMİLLA Siyah Eteği Volanlı A Kesim Şifon Midi Astarlı Dokuma Elbise TWOSS22EL00733
17 Ekim 2022,Bilgi mevcut değil,Bilgi mevcut değil,Beden: 38,klasik bir elbise,TRENDYOLMİLLA Siyah Eteği Volanlı A Kesim Şifon Midi Astarlı Dokuma Elbise TWOSS22EL00733
13 Ekim 2022,Bilgi mevcut değil,Bilgi mevcut değil,Beden: 38,elbise gerçketen üzerime tam oturdu çok rahat ve şık bir elbise,TRENDYOLMİLLA Siyah Eteği Volanlı A Kesim Şifon Midi Astarlı Dokuma Elbise TWOSS22EL00733
12 Ağustos 2022,Bilgi mevcut değil,Bilgi mevcut değil,Beden: 42,dün sipariş verdim bugün geldi. Çok teşekkür ederim.,TRENDYOLMİLLA Siyah Eteği Volanlı A Kesim Şifon Midi Astarlı Dokuma Elbise TWOSS22EL00733
11 Ağustos 2022,Bilgi mevcut değil,Bilgi mevcut değil,Beden: 40,kızıma aldım güzel sade ve şık bir elbise,TRENDYOLMİLLA Siyah Eteği Volanlı A Kesim Şifon Midi Astarlı Dokuma Elbise TWOSS22EL00733
10 Ağustos 2022,Bilgi mevcut değil,Bilgi mevcut değil,Beden: 38,Güzel sakin bir elbise çok sevdim,TRENDYOLMİLLA Siyah Eteği Volanlı A Kesim Şifon Midi Astarlı Dokuma Elbise TWOSS22EL00733
23 Temmuz 2022,Bilgi mevcut değil,Bilgi mevcut değil,Beden: 36,güzel ürün,TRENDYOLMİLLA Siyah Eteği Volanlı A Kesim Şifon Midi Astarlı Dokuma Elbise TWOSS22EL00733
21 Temmuz 2022,Bilgi mevcut değil,Bilgi mevcut değil,Beden: 40,her zaman kurtarıcı olacak bir elbise. fiyatı indirimde aldım memnunum.,TRENDYOLMİLLA Siyah Eteği Volanlı A Kesim Şifon Midi Astarlı Dokuma Elbise TWOSS22EL00733
19 Temmuz 2022,Bilgi mevcut değil,Bilgi mevcut değil,Beden: 40,"Güzel bir elbise, bedeni küçük geldiği için iade ettim, bir büyük bedeni gelince alacağım, teşekkür ederim trendyol, dikişler de bir sorun yok, satıcı firmayada teşekkür ederim.",TRENDYOLMİLLA Siyah Eteği Volanlı A Kesim Şifon Midi Astarlı Dokuma Elbise TWOSS22EL00733
19 Temmuz 2022,Bilgi mevcut değil,Bilgi mevcut değil,Beden: 40,57 kilo 1.59 boyundayım 38 beden sipariş verdim fakat çok dar oldu üstü kısmı özellikle iade ederek 40 beden aldim cok rahat oldu.Kesinlikle tavsiye ediyorum kurtarıcı parca.🌸👏,TRENDYOLMİLLA Siyah Eteği Volanlı A Kesim Şifon Midi Astarlı Dokuma Elbise TWOSS22EL00733
17 Temmuz 2022,Bilgi mevcut değil,Bilgi mevcut değil,Beden: 38,Boyum 1.68 mankendeki gibi dursaydı daha çok beğenecektim ama geri iade etmeyeceğim illa lazım olur,TRENDYOLMİLLA Siyah Eteği Volanlı A Kesim Şifon Midi Astarlı Dokuma Elbise TWOSS22EL00733
16 Temmuz 2022,Bilgi mevcut değil,Bilgi mevcut değil,Beden: 40,Şık bir ürün çok zarif sadece bedenleri sıkıntılı 40 sipariş verdim etiket 40 elbise 38 beden ama tam oldu.Kaliteli ve uygun fiyatlı,TRENDYOLMİLLA Siyah Eteği Volanlı A Kesim Şifon Midi Astarlı Dokuma Elbise TWOSS22EL00733
07 Temmuz 2022,Bilgi mevcut değil,Bilgi mevcut değil,Beden: 38,Kupon ile 110 liraya aldım çok zarif kurtarıcı bir elbise boy 170 kilo 58 M beden tam oldu,TRENDYOLMİLLA Siyah Eteği Volanlı A Kesim Şifon Midi Astarlı Dokuma Elbise TWOSS22EL00733
03 Temmuz 2022,Bilgi mevcut değil,Bilgi mevcut değil,Beden: 42,harika oldu tam kalıp teşekkürler beğenerek giyeceğim bu paraya çok iyi urun indirimden aldım birde kupon kullandım 109 tl ye geldi teşekkürler trendyolmilla,TRENDYOLMİLLA Siyah Eteği Volanlı A Kesim Şifon Midi Astarlı Dokuma Elbise TWOSS22EL00733
30 Haziran 2022,Bilgi mevcut değil,Bilgi mevcut değil,Beden: 38,Harika çok zarif bi elbise tam bedeninizi alın,TRENDYOLMİLLA Siyah Eteği Volanlı A Kesim Şifon Midi Astarlı Dokuma Elbise TWOSS22EL00733
27 Haziran 2022,Bilgi mevcut değil,Bilgi mevcut değil,Beden: 42,Çokk guzel Bi elbise beden 42 aldık fakat 38 beden gibi maalesef ondan dolayı iade ettim kargo süperr hızlı akşam söyledim sabah geldi teşekkür ederim,TRENDYOLMİLLA Siyah Eteği Volanlı A Kesim Şifon Midi Astarlı Dokuma Elbise TWOSS22EL00733
26 Haziran 2022,Bilgi mevcut değil,Bilgi mevcut değil,Beden: 38,çok kibar şık bir elbise çok beğendiğim oğlumun mezuniyet partisi için aldım 56 kilo ya 38 beden aldım çok ta güzel oldu arkadaşlarım çok beğendi,TRENDYOLMİLLA Siyah Eteği Volanlı A Kesim Şifon Midi Astarlı Dokuma Elbise TWOSS22EL00733
24 Haziran 2022,Bilgi mevcut değil,Bilgi mevcut değil,Beden: 42,çok zarif çok güzel bir elbise.. boyum 1.70 kilom 63 normalde 38 40 giyiyorum yorumlara bakarak 42 aldım ve tam oldu ne çok dar ne bol.. ben çok beğendim,TRENDYOLMİLLA Siyah Eteği Volanlı A Kesim Şifon Midi Astarlı Dokuma Elbise TWOSS22EL00733
24 Haziran 2022,Bilgi mevcut değil,Bilgi mevcut değil,Beden: 42,beğendim kurtarıcı bir elbise,TRENDYOLMİLLA Siyah Eteği Volanlı A Kesim Şifon Midi Astarlı Dokuma Elbise TWOSS22EL00733
23 Haziran 2022,Bilgi mevcut değil,Bilgi mevcut değil,Beden: 40,çok güzel abiye niyetine de giyilir. 170 boy 58 kiloya 38 dar geldi iade 40 tam uydu,TRENDYOLMİLLA Siyah Eteği Volanlı A Kesim Şifon Midi Astarlı Dokuma Elbise TWOSS22EL00733
23 Haziran 2022,Bilgi mevcut değil,Bilgi mevcut değil,Beden: 40,"Elbise çok güzel, modeli çok çok zarif. Kalıbı biraz dar gibi geldi bize. Ama model süper. Akşam sipariş verdik ertesi gün elimize ulaştı. Teşekkür ederiz Trendyolll",TRENDYOLMİLLA Siyah Eteği Volanlı A Kesim Şifon Midi Astarlı Dokuma Elbise TWOSS22EL00733
23 Haziran 2022,Bilgi mevcut değil,Bilgi mevcut değil,Beden: 42,Güzel elbise ama bir beden büyük alın,TRENDYOLMİLLA Siyah Eteği Volanlı A Kesim Şifon Midi Astarlı Dokuma Elbise TWOSS22EL00733
23 Haziran 2022,Bilgi mevcut değil,Bilgi mevcut değil,Beden: 38,"165 boy , 58 kilo 38 beden tam oldu , çok hoş zarif bir elbise",TRENDYOLMİLLA Siyah Eteği Volanlı A Kesim Şifon Midi Astarlı Dokuma Elbise TWOSS22EL00733
23 Haziran 2022,Bilgi mevcut değil,Bilgi mevcut değil,Beden: 40,"Zarif , harika.. Tavsiye ederim.. Rahat olsun derseniz bir beden büyük alın...Kalıp biraz dar ..",TRENDYOLMİLLA Siyah Eteği Volanlı A Kesim Şifon Midi Astarlı Dokuma Elbise TWOSS22EL00733
23 Haziran 2022,Bilgi mevcut değil,Bilgi mevcut değil,Beden: 40,Elbise guzel rahat tam beden alabilirsiniz sadrcr arka dikişte sorun var o yuzden 4 yildiz verdim,TRENDYOLMİLLA Siyah Eteği Volanlı A Kesim Şifon Midi Astarlı Dokuma Elbise TWOSS22EL00733
22 Haziran 2022,Bilgi mevcut değil,Bilgi mevcut değil,Beden: 40,güzel elbise,TRENDYOLMİLLA Siyah Eteği Volanlı A Kesim Şifon Midi Astarlı Dokuma Elbise TWOSS22EL00733
22 Haziran 2022,Bilgi mevcut değil,Bilgi mevcut değil,Beden: 42,Ürün çok güzel ama kalıbı küçük kesinlkşe 1 beden büyük alınmalı,TRENDYOLMİLLA Siyah Eteği Volanlı A Kesim Şifon Midi Astarlı Dokuma Elbise TWOSS22EL00733
22 Haziran 2022,Bilgi mevcut değil,Bilgi mevcut değil,Beden: 42,Kalıbı güzel fakat 1 beden büyüğünü alın göbek varsa,TRENDYOLMİLLA Siyah Eteği Volanlı A Kesim Şifon Midi Astarlı Dokuma Elbise TWOSS22EL00733
22 Haziran 2022,Bilgi mevcut değil,Bilgi mevcut değil,Beden: 40,ürün çok şık bedeninize göre alın ben çok beğendim,TRENDYOLMİLLA Siyah Eteği Volanlı A Kesim Şifon Midi Astarlı Dokuma Elbise TWOSS22EL00733
21 Haziran 2022,Bilgi mevcut değil,Bilgi mevcut değil,Beden: 42,üründe dikim hatası mevcut. Beden kalıbı kesinlikle 42 beden değil. Ayrıca ücret iadesi olan 50 TL'nin kartıma yansıtılmasını istiyoruz kupon olarak verilmesini kabul etmiyoruz.,TRENDYOLMİLLA Siyah Eteği Volanlı A Kesim Şifon Midi Astarlı Dokuma Elbise TWOSS22EL00733
21 Haziran 2022,Bilgi mevcut değil,Bilgi mevcut değil,Beden: 40,boyum 1.75 kilo 70 40 beden tam oldu esneyen bir kumaş değil bilginiz olsun ve zayıf gösteren şık bir elbise,TRENDYOLMİLLA Siyah Eteği Volanlı A Kesim Şifon Midi Astarlı Dokuma Elbise TWOSS22EL00733
21 Haziran 2022,Bilgi mevcut değil,Bilgi mevcut değil,Beden: 40,Fiat çok uygun ürün çok güzel tavsiye ederim,TRENDYOLMİLLA Siyah Eteği Volanlı A Kesim Şifon Midi Astarlı Dokuma Elbise TWOSS22EL00733
20 Haziran 2022,Bilgi mevcut değil,Bilgi mevcut değil,Beden: 42,fiyatina gore mukemmel bir elbise cok şık ve cok zarif duruyor bir beden buyuk aldim tam oldu kumasi kaliteside cok iyi tesekkurler trendyol,TRENDYOLMİLLA Siyah Eteği Volanlı A Kesim Şifon Midi Astarlı Dokuma Elbise TWOSS22EL00733
18 Haziran 2022,Bilgi mevcut değil,Bilgi mevcut değil,Beden: 42,Çok güzel alın alın alın çok zarif duruyor boy 170 kilo 75 42 aldım tam oluyor sadece belden oturtma olduğu için zor giyiliyor yoksa efsane 👌,TRENDYOLMİLLA Siyah Eteği Volanlı A Kesim Şifon Midi Astarlı Dokuma Elbise TWOSS22EL00733
17 Haziran 2022,Bilgi mevcut değil,Bilgi mevcut değil,Beden: 36,çok çok çok zarif.kendi bedeninizi almanızı öneririm.,TRENDYOLMİLLA Siyah Eteği Volanlı A Kesim Şifon Midi Astarlı Dokuma Elbise TWOSS22EL00733
16 Haziran 2022,Bilgi mevcut değil,Bilgi mevcut değil,Beden: 42,"Ürün gerçekten güzel lakin 1 beden büyük almama rağmen fermuarını kapatamadım. Fermuarı ince fermuarlardan ve dikiş yerinden başkasının yardımı olmadan ilerlemiyor. Tek yaşayan biriyim. Arkadaşımın nikahı için aldım ama arkasını kapatacak kimsem olmadığı için maalesef giyemeyeceğim. Onun dışında çok güzel. Bir gün arkasını kapatmama yardım edecek b
Devamını Oku",TRENDYOLMİLLA Siyah Eteği Volanlı A Kesim Şifon Midi Astarlı Dokuma Elbise TWOSS22EL00733
11 Haziran 2022,Bilgi mevcut değil,Bilgi mevcut değil,Beden: 36,Kizlar elbise yikiliyor alin aldirin. 1.60 boy 52 kilo 36 beden aldim belim ince oldugu icinn cokk hafif ama cok hfif bol oldu bayildim elbiseye ❤️❤️,TRENDYOLMİLLA Siyah Eteği Volanlı A Kesim Şifon Midi Astarlı Dokuma Elbise TWOSS22EL00733
08 Haziran 2022,Bilgi mevcut değil,Bilgi mevcut değil,Beden: 36,48kilo 36beden super ürün,TRENDYOLMİLLA Siyah Eteği Volanlı A Kesim Şifon Midi Astarlı Dokuma Elbise TWOSS22EL00733
07 Haziran 2022,Bilgi mevcut değil,Bilgi mevcut değil,Beden: 36,bayıldım 🌸🌸,TRENDYOLMİLLA Siyah Eteği Volanlı A Kesim Şifon Midi Astarlı Dokuma Elbise TWOSS22EL00733
06 Haziran 2022,Bilgi mevcut değil,Bilgi mevcut değil,Beden: 36,"158 boy ,47 kiloyum s beden tercih ettim oldu ,ürün harika sözüm için kullanacağım içiniz rahat alabilirsiniz :)2 gün önce sipariş ettim hemen teslim edildi satıcı ve kargo harika ✌️",TRENDYOLMİLLA Siyah Eteği Volanlı A Kesim Şifon Midi Astarlı Dokuma Elbise TWOSS22EL00733
25 Mayıs 2022,Bilgi mevcut değil,Bilgi mevcut değil,Beden: 38,İçinde astarı var günlük güzel bi elbise 1.60 boy 50 kilo 38 büyük geldi iade edip 36 alıcam,TRENDYOLMİLLA Siyah Eteği Volanlı A Kesim Şifon Midi Astarlı Dokuma Elbise TWOSS22EL00733
18 Mayıs 2022,Bilgi mevcut değil,Bilgi mevcut değil,Beden: 42,İndirimle 142 liraya aldım kumaşı dokusu gayet güzel.,TRENDYOLMİLLA Siyah Eteği Volanlı A Kesim Şifon Midi Astarlı Dokuma Elbise TWOSS22EL00733
14 Mayıs 2022,Bilgi mevcut değil,Bilgi mevcut değil,Beden: 40,Çok zarif bi elbise kuponla çok uyguna geldi 70 kiloyum 40 beden bi tık sıktı 42 alsam daha rahat olurdu,TRENDYOLMİLLA Siyah Eteği Volanlı A Kesim Şifon Midi Astarlı Dokuma Elbise TWOSS22EL00733
13 Mayıs 2022,Bilgi mevcut değil,Bilgi mevcut değil,Beden: 42,çeyizim için sipariş verdim 74 kiloyum 42 beden söyledim tam oldu. siyah güzel sade şifon bir elbise almak isteyen varsa bu fiyata kaçırmasın derim,TRENDYOLMİLLA Siyah Eteği Volanlı A Kesim Şifon Midi Astarlı Dokuma Elbise TWOSS22EL00733
12 Mayıs 2022,Bilgi mevcut değil,Bilgi mevcut değil,Beden: 38,Çok beğendim çok güzel bi ürün. 55 kilo 1.60 boy 38 beden tam oldu. 🤗,TRENDYOLMİLLA Siyah Eteği Volanlı A Kesim Şifon Midi Astarlı Dokuma Elbise TWOSS22EL00733
11 Mayıs 2022,Bilgi mevcut değil,Bilgi mevcut değil,Beden: 38,Elbise güzel ama kalıbı çok dar.1.62 boy 60 kilo m beden aldım aşırı dar oldu mecburen iade.,TRENDYOLMİLLA Siyah Eteği Volanlı A Kesim Şifon Midi Astarlı Dokuma Elbise TWOSS22EL00733
09 Mayıs 2022,Bilgi mevcut değil,Bilgi mevcut değil,Beden: 38,gayet güzel fiyatı da çok iyi. tam bedeninizi alabilirsiniz 163 boy 58 kilo 38 beden tam oldu. teşekkür ederim.,TRENDYOLMİLLA Siyah Eteği Volanlı A Kesim Şifon Midi Astarlı Dokuma Elbise TWOSS22EL00733
07 Mayıs 2022,Bilgi mevcut değil,Bilgi mevcut değil,Beden: 38,Elbise cok güzel kumaşı kaliteli baseni olanlar bir beden büyük alabilir 36 aldım olmadı 38 sipariş verdim,TRENDYOLMİLLA Siyah Eteği Volanlı A Kesim Şifon Midi Astarlı Dokuma Elbise TWOSS22EL00733
07 Ağustos 2024,Boy: 153cm,Kilo: 53kg,Beden: 34,Ürün göründüğü gibi ancak dikişleri çok kötü paketleme çok kötü geldi ancak kargo hızlıydı fiyatı hak etmiyor pazar malı,TRENDYOLMİLLA Siyah Eteği Volanlı A Kesim Şifon Midi Astarlı Dokuma Elbise TWOSS22EL00733
07 Ağustos 2024,Boy: 160cm,Kilo: 68kg,Beden: 42,elbisem göründüğü gibi geldi sorunsuz,TRENDYOLMİLLA Siyah Eteği Volanlı A Kesim Şifon Midi Astarlı Dokuma Elbise TWOSS22EL00733
29 Temmuz 2024,Boy: 160cm,Kilo: 52kg,Beden: 42,Elbise çok güzel ancak dikiş hatası var. İade edip tekrar alacağım,TRENDYOLMİLLA Siyah Eteği Volanlı A Kesim Şifon Midi Astarlı Dokuma Elbise TWOSS22EL00733
27 Temmuz 2024,Boy: 171cm,Kilo: 82kg,Beden: 44,rengi çok tatlı üzerinde çok güzel duruyor bayıldımmmmm o kadar dar değil normalde göğüs sıkıntısı çekerim ama olmadı 82 kilo boy 171,TRENDYOLMİLLA Siyah Eteği Volanlı A Kesim Şifon Midi Astarlı Dokuma Elbise TWOSS22EL00733
26 Temmuz 2024,Boy: 175cm,Kilo: 52kg,Beden: 42,annem için almıştım çok beğendi tam beden alınabilir çok tatlı bir elbise 🤍,TRENDYOLMİLLA Siyah Eteği Volanlı A Kesim Şifon Midi Astarlı Dokuma Elbise TWOSS22EL00733
26 Temmuz 2024,Boy: 183cm,Kilo: 93kg,Beden: 44,"Bu elbisenin kırmızısını severek kullandığımdan siyahını almak istedim, model olarak çok zarif sade şık bir elbise fakat dikişleri problemli. Sırt fermuar dikişleri yamuk. Fermuarın alt başlangıcı sol üst son kısmı sağa doğru ilerliyor. Cemiyet için alacaksacanız eğer tek seçenek bu elbise olmasın benim gibi zora düşmeyin.",TRENDYOLMİLLA Siyah Eteği Volanlı A Kesim Şifon Midi Astarlı Dokuma Elbise TWOSS22EL00733
24 Temmuz 2024,Boy: 163cm,Kilo: 60kg,Beden: 40,Ürünüm hatalı geldi ve kendime yakıştıramadım,TRENDYOLMİLLA Siyah Eteği Volanlı A Kesim Şifon Midi Astarlı Dokuma Elbise TWOSS22EL00733
23 Temmuz 2024,Boy: 170cm,Kilo: 65kg,Beden: 40,yırtık geldi iade,TRENDYOLMİLLA Siyah Eteği Volanlı A Kesim Şifon Midi Astarlı Dokuma Elbise TWOSS22EL00733
10 Temmuz 2024,Bilgi mevcut değil,Bilgi mevcut değil,Beden: 44,kolları çok uzun duruyor ve bedeni küçük geldi o yüzden iade ettim,TRENDYOLMİLLA Siyah Eteği Volanlı A Kesim Şifon Midi Astarlı Dokuma Elbise TWOSS22EL00733
12 Haziran 2024,Bilgi mevcut değil,Bilgi mevcut değil,Beden: 38,Kenarında çıkıntı gibi bir şey vardı ve kalıbı dar beğenmedim iade maalesef,TRENDYOLMİLLA Siyah Eteği Volanlı A Kesim Şifon Midi Astarlı Dokuma Elbise TWOSS22EL00733
27 Mayıs 2024,Bilgi mevcut değil,Bilgi mevcut değil,Beden: 42,dikişleri bi tuhaf. Ne düz ne yamuk gibi. düzeltiyorum önden düzeliyor arkadan yamuluyor,TRENDYOLMİLLA Siyah Eteği Volanlı A Kesim Şifon Midi Astarlı Dokuma Elbise TWOSS22EL00733
22 Mayıs 2024,Bilgi mevcut değil,Bilgi mevcut değil,Beden: 38,"kalça kenarlarında dikiş hataları var. bedeni sorunlu, normalde M beden giyiyorum aşırı geniş oldu. kumaşı ve duruşu hiç iyi değil, sırf üşendiğimden iade etmiyorum.",TRENDYOLMİLLA Siyah Eteği Volanlı A Kesim Şifon Midi Astarlı Dokuma Elbise TWOSS22EL00733
07 Mayıs 2024,Boy: 162cm,Kilo: 50kg,Beden: 36,mezuniyet için b planı olsun diye almıştım ve hiç beklentim yoktu ama aldığım asıl elbiseden çok daha güzel bunu giyicem cidden bu kadar güzel beklemiyodum düşünmeden alabilirsinizz,TRENDYOLMİLLA Siyah Eteği Volanlı A Kesim Şifon Midi Astarlı Dokuma Elbise TWOSS22EL00733
03 Mayıs 2024,Boy: 164cm,Kilo: 65kg,Beden: 42,Omuz kısmı geniş olan kişiler 1 beden büyük almalı çünkü kalıbı dar kesim . Kumaş kalitesi fena değil,TRENDYOLMİLLA Siyah Eteği Volanlı A Kesim Şifon Midi Astarlı Dokuma Elbise TWOSS22EL00733
11 Kasım 2023,Boy: 161cm,Kilo: 69kg,Beden: 42,dikişleri kalitesi çok kötü iade,TRENDYOLMİLLA Siyah Eteği Volanlı A Kesim Şifon Midi Astarlı Dokuma Elbise TWOSS22EL00733
05 Kasım 2023,Boy: 165cm,Kilo: 63kg,Beden: 40,Şık bi elbise,TRENDYOLMİLLA Siyah Eteği Volanlı A Kesim Şifon Midi Astarlı Dokuma Elbise TWOSS22EL00733
01 Kasım 2023,Boy: 169cm,Kilo: 59kg,Beden: 40,Fena değil,TRENDYOLMİLLA Siyah Eteği Volanlı A Kesim Şifon Midi Astarlı Dokuma Elbise TWOSS22EL00733
18 Ekim 2023,Boy: 165cm,Kilo: 75kg,Beden: 42,Dar kalıbı var kumaşını çok beğenmedim pamuklu değil,TRENDYOLMİLLA Siyah Eteği Volanlı A Kesim Şifon Midi Astarlı Dokuma Elbise TWOSS22EL00733
09 Ekim 2023,Boy: 172cm,Kilo: 55kg,Beden: 36,çok çok güzel çok şık,TRENDYOLMİLLA Siyah Eteği Volanlı A Kesim Şifon Midi Astarlı Dokuma Elbise TWOSS22EL00733
06 Ekim 2023,Boy: 158cm,Kilo: 60kg,Beden: 40,ben çok beğendim satıcıya teşekkür ederim 💖,TRENDYOLMİLLA Siyah Eteği Volanlı A Kesim Şifon Midi Astarlı Dokuma Elbise TWOSS22EL00733
06 Ekim 2023,Boy: 175cm,Kilo: 85kg,Beden: 40,Harika ürün,TRENDYOLMİLLA Siyah Eteği Volanlı A Kesim Şifon Midi Astarlı Dokuma Elbise TWOSS22EL00733
02 Ekim 2023,Bilgi mevcut değil,Bilgi mevcut değil,Bilgi mevcut değil,Aşırı güzel bir elbise vücütta da güzel duruyor ama bana büyük geldiği için iade ettim.,TRENDYOLMİLLA Siyah Eteği Volanlı A Kesim Şifon Midi Astarlı Dokuma Elbise TWOSS22EL00733
25 Eylül 2023,Bilgi mevcut değil,Bilgi mevcut değil,Beden: 40,güzel ürün,TRENDYOLMİLLA Siyah Eteği Volanlı A Kesim Şifon Midi Astarlı Dokuma Elbise TWOSS22EL00733
05 Ağustos 2023,Boy: 160cm,Kilo: 59kg,Bilgi mevcut değil,çok beğenerek giydim 59 kiloya m beden tam oldu,TRENDYOLMİLLA Siyah Eteği Volanlı A Kesim Şifon Midi Astarlı Dokuma Elbise TWOSS22EL00733
26 Temmuz 2023,Bilgi mevcut değil,Bilgi mevcut değil,Bilgi mevcut değil,elbise güzel ama çok dar kalıp 160 boy 68 kiloyum L beden almama rağmen s beden gibi dar geldi malesef iade,TRENDYOLMİLLA Siyah Eteği Volanlı A Kesim Şifon Midi Astarlı Dokuma Elbise TWOSS22EL00733
22 Temmuz 2023,Bilgi mevcut değil,Bilgi mevcut değil,Bilgi mevcut değil,ürünüm bir gün sonra teslim edildi hızlı teslimat için teşekkür ederim,TRENDYOLMİLLA Siyah Eteği Volanlı A Kesim Şifon Midi Astarlı Dokuma Elbise TWOSS22EL00733
09 Temmuz 2023,Boy: 178cm,Kilo: 92kg,Bilgi mevcut değil,ürün beden konusunda 1beden büyük alınmalı. duruşu çok kibar fiyat performans ürünü,TRENDYOLMİLLA Siyah Eteği Volanlı A Kesim Şifon Midi Astarlı Dokuma Elbise TWOSS22EL00733
29 Haziran 2023,Boy: 168cm,Kilo: 72kg,Bilgi mevcut değil,Kalıbı dar iade ettim,TRENDYOLMİLLA Siyah Eteği Volanlı A Kesim Şifon Midi Astarlı Dokuma Elbise TWOSS22EL00733
28 Haziran 2023,Bilgi mevcut değil,Bilgi mevcut değil,Bilgi mevcut değil,fıyatına gore guzel,TRENDYOLMİLLA Siyah Eteği Volanlı A Kesim Şifon Midi Astarlı Dokuma Elbise TWOSS22EL00733
27 Haziran 2023,Bilgi mevcut değil,Bilgi mevcut değil,Bilgi mevcut değil,çok güzel ve şık tavsiye ederim,TRENDYOLMİLLA Siyah Eteği Volanlı A Kesim Şifon Midi Astarlı Dokuma Elbise TWOSS22EL00733
27 Haziran 2023,Boy: 168cm,Kilo: 69kg,Bilgi mevcut değil,Çok güzel bi elbise. Tam beden alabilirsiniz.,TRENDYOLMİLLA Siyah Eteği Volanlı A Kesim Şifon Midi Astarlı Dokuma Elbise TWOSS22EL00733
26 Haziran 2023,Boy: 167cm,Kilo: 67kg,Bilgi mevcut değil,Anneme aldım 156 boy 65 kilo,TRENDYOLMİLLA Siyah Eteği Volanlı A Kesim Şifon Midi Astarlı Dokuma Elbise TWOSS22EL00733
24 Haziran 2023,Bilgi mevcut değil,Bilgi mevcut değil,Bilgi mevcut değil,ürün çok güzel geldi çok beğendim fakat bana olmadı oyuzden geri iade etmek zorunda kaldım ve bu durumdan ötürü üzüldüm 44 bedeni olsaydı degistirecektim ama 😔,TRENDYOLMİLLA Siyah Eteği Volanlı A Kesim Şifon Midi Astarlı Dokuma Elbise TWOSS22EL00733
24 Haziran 2023,Boy: 173cm,Kilo: 57kg,Bilgi mevcut değil,boy 162 kilo 64 38 beden tam oldu .,TRENDYOLMİLLA Siyah Eteği Volanlı A Kesim Şifon Midi Astarlı Dokuma Elbise TWOSS22EL00733
24 Haziran 2023,Bilgi mevcut değil,Bilgi mevcut değil,Bilgi mevcut değil,Kargo çok hızlı ürün çok güzel tam bedeninizi alabilirsiniz,TRENDYOLMİLLA Siyah Eteği Volanlı A Kesim Şifon Midi Astarlı Dokuma Elbise TWOSS22EL00733
23 Haziran 2023,Bilgi mevcut değil,Bilgi mevcut değil,Bilgi mevcut değil,anneme aldım çok zarif bir beden büyük tercih edilebilir,TRENDYOLMİLLA Siyah Eteği Volanlı A Kesim Şifon Midi Astarlı Dokuma Elbise TWOSS22EL00733
21 Haziran 2023,Boy: 162cm,Kilo: 52kg,Bilgi mevcut değil,beğendim boy 1.62 kilo 52 duruşu böyle,TRENDYOLMİLLA Siyah Eteği Volanlı A Kesim Şifon Midi Astarlı Dokuma Elbise TWOSS22EL00733
20 Haziran 2023,Bilgi mevcut değil,Bilgi mevcut değil,Bilgi mevcut değil,şık bir elbise ancak bir beden büyük alınmalı,TRENDYOLMİLLA Siyah Eteği Volanlı A Kesim Şifon Midi Astarlı Dokuma Elbise TWOSS22EL00733
08 Mayıs 2024,Boy: 165cm,Kilo: 60kg,Beden: 40,1.65 boy 60 kilo L beden büyük geldi. M daha iyi oturacak,TRENDYOLMİLLA Siyah Eteği Volanlı A Kesim Şifon Midi Astarlı Dokuma Elbise TWOSS22EL00733
25 Kasım 2023,Boy: 168cm,Kilo: 68kg,Beden: 34,güzel bir örün teşekkür ederim ☺️,TRENDYOLMİLLA Siyah Eteği Volanlı A Kesim Şifon Midi Astarlı Dokuma Elbise TWOSS22EL00733
05 Eylül 2023,Bilgi mevcut değil,Bilgi mevcut değil,Beden: 34,Güzel ürün,TRENDYOLMİLLA Siyah Eteği Volanlı A Kesim Şifon Midi Astarlı Dokuma Elbise TWOSS22EL00733
07 Ağustos 2023,Bilgi mevcut değil,Bilgi mevcut değil,Bilgi mevcut değil,teşekkür ederim,TRENDYOLMİLLA Siyah Eteği Volanlı A Kesim Şifon Midi Astarlı Dokuma Elbise TWOSS22EL00733
14 Temmuz 2023,Bilgi mevcut değil,Bilgi mevcut değil,Bilgi mevcut değil,Elbise çok güzel ama ya manken çok uzun yada ben çok kısayım. Gerçi boyum 1.70 ama elbise mankendekinden de uzun oldu beğenemedim o yüzden iade ettim,TRENDYOLMİLLA Siyah Eteği Volanlı A Kesim Şifon Midi Astarlı Dokuma Elbise TWOSS22EL00733
07 Temmuz 2023,Boy: 163cm,Kilo: 63kg,Bilgi mevcut değil,çok güzel ve zarif,TRENDYOLMİLLA Siyah Eteği Volanlı A Kesim Şifon Midi Astarlı Dokuma Elbise TWOSS22EL00733
27 Haziran 2023,Boy: 173cm,Kilo: 53kg,Bilgi mevcut değil,ürün çok güzel kalitesi duruşu yanlız bir beden büyük alınma ben 36 giyordum 38 aldım tam oldu teşekkür Trendyol.,TRENDYOLMİLLA Siyah Eteği Volanlı A Kesim Şifon Midi Astarlı Dokuma Elbise TWOSS22EL00733
26 Haziran 2023,Boy: 175cm,Kilo: 59kg,Bilgi mevcut değil,Ürünü çok beğendim,TRENDYOLMİLLA Siyah Eteği Volanlı A Kesim Şifon Midi Astarlı Dokuma Elbise TWOSS22EL00733
25 Haziran 2023,Boy: 155cm,Kilo: 75kg,Bilgi mevcut değil,Elbise güzel ancak beden küçül geldi üzülerek iade ettim.,TRENDYOLMİLLA Siyah Eteği Volanlı A Kesim Şifon Midi Astarlı Dokuma Elbise TWOSS22EL00733
23 Haziran 2023,Bilgi mevcut değil,Bilgi mevcut değil,Bilgi mevcut değil,hayatimda harcadigim en iyi 200 lira olabilir bu fiyata bu guzel durus ve kalite bayildim. harika bir elbise ben indirimden almistim ama bence bu fiyata da alinir cok naif her turlu ortamda giyilir muhtesemm,TRENDYOLMİLLA Siyah Eteği Volanlı A Kesim Şifon Midi Astarlı Dokuma Elbise TWOSS22EL00733
20 Haziran 2023,Bilgi mevcut değil,Bilgi mevcut değil,Bilgi mevcut değil,"Elbise güzel ama kalıbı çok dar 40 beden aldım 36 gibi geldi. Boyu 120 cm denmiş ama 106 cm, eni boyu küçük geldiği için üzülerek iade ediyorum",TRENDYOLMİLLA Siyah Eteği Volanlı A Kesim Şifon Midi Astarlı Dokuma Elbise TWOSS22EL00733
15 Haziran 2023,Boy: 152cm,Kilo: 54kg,Bilgi mevcut değil,çok kibar bir elbise aşırı hoşuma gitti eski zaman temalı bi parti için aldım çok güzel ya,TRENDYOLMİLLA Siyah Eteği Volanlı A Kesim Şifon Midi Astarlı Dokuma Elbise TWOSS22EL00733
14 Haziran 2023,Boy: 164cm,Kilo: 62kg,Bilgi mevcut değil,resimdekinin birebir aynısı geldi çok şık ve güzel tam beden alabilirsiniz,TRENDYOLMİLLA Siyah Eteği Volanlı A Kesim Şifon Midi Astarlı Dokuma Elbise TWOSS22EL00733
13 Haziran 2023,Boy: 164cm,Kilo: 74kg,Bilgi mevcut değil,Elbise çok güzel tam bedeninizi alın gayet hoş ve güzel duruyor.,TRENDYOLMİLLA Siyah Eteği Volanlı A Kesim Şifon Midi Astarlı Dokuma Elbise TWOSS22EL00733
10 Haziran 2023,Bilgi mevcut değil,Bilgi mevcut değil,Bilgi mevcut değil,160 65 kilo 42 beden aldım çok güzel tam oldu,TRENDYOLMİLLA Siyah Eteği Volanlı A Kesim Şifon Midi Astarlı Dokuma Elbise TWOSS22EL00733
09 Haziran 2023,Boy: 155cm,Kilo: 51kg,Bilgi mevcut değil,Anneme evde ki nişan için aldım 42 beden gayet güzel oldu 65 kilo boy 1.50,TRENDYOLMİLLA Siyah Eteği Volanlı A Kesim Şifon Midi Astarlı Dokuma Elbise TWOSS22EL00733
09 Haziran 2023,Boy: 175cm,Kilo: 75kg,Bilgi mevcut değil,Kalıbı güzel 👍🏻 tam bedeninizi tercih edebilirsiniz. 42 bedenim tam oldu,TRENDYOLMİLLA Siyah Eteği Volanlı A Kesim Şifon Midi Astarlı Dokuma Elbise TWOSS22EL00733
08 Haziran 2023,Bilgi mevcut değil,Bilgi mevcut değil,Bilgi mevcut değil,Elbise elime çok hızlı ulaştı oğlumun mezuniyet balosu için aldım. Çok kaliteli çok şık bir elbise. Verilen ölçülere göre alırsanız tam oluyor. iyi ki almışım. Kesinlikle tavsiyemdir.,TRENDYOLMİLLA Siyah Eteği Volanlı A Kesim Şifon Midi Astarlı Dokuma Elbise TWOSS22EL00733
07 Haziran 2023,Bilgi mevcut değil,Bilgi mevcut değil,Bilgi mevcut değil,"Ürün sorunsuz çok hızlı teslim edildi, teşekkür ederim. 1.60 boyunda 63,5 kiloda biri olarak başka markalarda 38 - 40 beden giyerken yorumlara bakarak 42 beden aldım ve tam oldu. Daha önce başka bir modelde aldığım 40 beden TRENDYOLMİLLA elbiseden de öğrendiğim üzere kalıplar dar ve mutlaka bir ya da iki beden büyüğü daha rahat oluyor.",TRENDYOLMİLLA Siyah Eteği Volanlı A Kesim Şifon Midi Astarlı Dokuma Elbise TWOSS22EL00733
07 Haziran 2023,Bilgi mevcut değil,Bilgi mevcut değil,Bilgi mevcut değil,elbise paketlemesi güzeldi ve kumaşı da güzel sağlam geldi .,TRENDYOLMİLLA Siyah Eteği Volanlı A Kesim Şifon Midi Astarlı Dokuma Elbise TWOSS22EL00733
06 Haziran 2023,Bilgi mevcut değil,Bilgi mevcut değil,Bilgi mevcut değil,Harika bir elbise bir akrabamizin düğününde giymek için aldım iyi ki almışım 155 boy 63 kilo ile 42 beden aldım üzerime dikilmiş gibi durdu teşekkür ederim,TRENDYOLMİLLA Siyah Eteği Volanlı A Kesim Şifon Midi Astarlı Dokuma Elbise TWOSS22EL00733
06 Haziran 2023,Bilgi mevcut değil,Bilgi mevcut değil,Bilgi mevcut değil,kalıbı duruşu harika,TRENDYOLMİLLA Siyah Eteği Volanlı A Kesim Şifon Midi Astarlı Dokuma Elbise TWOSS22EL00733
04 Haziran 2023,Bilgi mevcut değil,Bilgi mevcut değil,Beden: 42,"Çok zarif ve şık bir elbise, kalıbı bir tık dar, alırken bunu göz önünde bulundurmanızı öneririm.",TRENDYOLMİLLA Siyah Eteği Volanlı A Kesim Şifon Midi Astarlı Dokuma Elbise TWOSS22EL00733
04 Haziran 2023,Boy: 169cm,Kilo: 75kg,Bilgi mevcut değil,Beklediğimden daha kaliteli çıktı ürün,TRENDYOLMİLLA Siyah Eteği Volanlı A Kesim Şifon Midi Astarlı Dokuma Elbise TWOSS22EL00733
02 Haziran 2023,Bilgi mevcut değil,Bilgi mevcut değil,Bilgi mevcut değil,güzel bir elbise arkadaşımın nişanı için tercih ettim günü kurtardı,TRENDYOLMİLLA Siyah Eteği Volanlı A Kesim Şifon Midi Astarlı Dokuma Elbise TWOSS22EL00733
24 Mayıs 2023,Boy: 158cm,Kilo: 68kg,Bilgi mevcut değil,cok guzel geldi tesekkur ederim,TRENDYOLMİLLA Siyah Eteği Volanlı A Kesim Şifon Midi Astarlı Dokuma Elbise TWOSS22EL00733
19 Mayıs 2023,Bilgi mevcut değil,Bilgi mevcut değil,Bilgi mevcut değil,şık bir elbise ama bana uzun geldi boyum 1.57,TRENDYOLMİLLA Siyah Eteği Volanlı A Kesim Şifon Midi Astarlı Dokuma Elbise TWOSS22EL00733
14 Mayıs 2023,Bilgi mevcut değil,Bilgi mevcut değil,Bilgi mevcut değil,gayet şık oldu eşime rahat teşşekkür ederim,TRENDYOLMİLLA Siyah Eteği Volanlı A Kesim Şifon Midi Astarlı Dokuma Elbise TWOSS22EL00733
12 Mayıs 2023,Bilgi mevcut değil,Bilgi mevcut değil,Bilgi mevcut değil,Boyum 1.58 kilom 65 42 beden aldım tam oturdu.Kurtarıcı bir elbise,TRENDYOLMİLLA Siyah Eteği Volanlı A Kesim Şifon Midi Astarlı Dokuma Elbise TWOSS22EL00733
08 Mayıs 2023,Bilgi mevcut değil,Bilgi mevcut değil,Bilgi mevcut değil,Teşekkür ederim 🌻,TRENDYOLMİLLA Siyah Eteği Volanlı A Kesim Şifon Midi Astarlı Dokuma Elbise TWOSS22EL00733
26 Nisan 2023,Bilgi mevcut değil,Bilgi mevcut değil,Bilgi mevcut değil,ürün elime sağlam ulaştı 68 kiloyum L beden tam oldu,TRENDYOLMİLLA Siyah Eteği Volanlı A Kesim Şifon Midi Astarlı Dokuma Elbise TWOSS22EL00733
25 Aralık 2022,Bilgi mevcut değil,Bilgi mevcut değil,Beden: 42,174 boy 75 kilo 42 beden aldım süper durdu.İncecik gösteriyor.Boyu diz altımda kaldı.,TRENDYOLMİLLA Siyah Eteği Volanlı A Kesim Şifon Midi Astarlı Dokuma Elbise TWOSS22EL00733
16 Kasım 2022,Bilgi mevcut değil,Bilgi mevcut değil,Beden: 42,Elbise harika herkes çok beğendi. 1.70 boya 68 kilo böyle durdu. Kalıplar dar bir beden büyük alınmalı.,TRENDYOLMİLLA Siyah Eteği Volanlı A Kesim Şifon Midi Astarlı Dokuma Elbise TWOSS22EL00733
30 Ekim 2022,Bilgi mevcut değil,Bilgi mevcut değil,Beden: 38,"Sağlam geldi iyi paketlenmiş boyutu , vakumu gayet iyi. Teşekkür ederim.",TRENDYOLMİLLA Siyah Eteği Volanlı A Kesim Şifon Midi Astarlı Dokuma Elbise TWOSS22EL00733
20 Ekim 2022,Bilgi mevcut değil,Bilgi mevcut değil,Beden: 40,Çok güzel bir hediye oldu. Çok hızlı kargo. Teşekkür ederim,TRENDYOLMİLLA Siyah Eteği Volanlı A Kesim Şifon Midi Astarlı Dokuma Elbise TWOSS22EL00733
17 Ekim 2022,Bilgi mevcut değil,Bilgi mevcut değil,Beden: 38,klasik bir elbise,TRENDYOLMİLLA Siyah Eteği Volanlı A Kesim Şifon Midi Astarlı Dokuma Elbise TWOSS22EL00733
13 Ekim 2022,Bilgi mevcut değil,Bilgi mevcut değil,Beden: 38,elbise gerçketen üzerime tam oturdu çok rahat ve şık bir elbise,TRENDYOLMİLLA Siyah Eteği Volanlı A Kesim Şifon Midi Astarlı Dokuma Elbise TWOSS22EL00733
12 Ağustos 2022,Bilgi mevcut değil,Bilgi mevcut değil,Beden: 42,dün sipariş verdim bugün geldi. Çok teşekkür ederim.,TRENDYOLMİLLA Siyah Eteği Volanlı A Kesim Şifon Midi Astarlı Dokuma Elbise TWOSS22EL00733
11 Ağustos 2022,Bilgi mevcut değil,Bilgi mevcut değil,Beden: 40,kızıma aldım güzel sade ve şık bir elbise,TRENDYOLMİLLA Siyah Eteği Volanlı A Kesim Şifon Midi Astarlı Dokuma Elbise TWOSS22EL00733
10 Ağustos 2022,Bilgi mevcut değil,Bilgi mevcut değil,Beden: 38,Güzel sakin bir elbise çok sevdim,TRENDYOLMİLLA Siyah Eteği Volanlı A Kesim Şifon Midi Astarlı Dokuma Elbise TWOSS22EL00733
23 Temmuz 2022,Bilgi mevcut değil,Bilgi mevcut değil,Beden: 36,güzel ürün,TRENDYOLMİLLA Siyah Eteği Volanlı A Kesim Şifon Midi Astarlı Dokuma Elbise TWOSS22EL00733
21 Temmuz 2022,Bilgi mevcut değil,Bilgi mevcut değil,Beden: 40,her zaman kurtarıcı olacak bir elbise. fiyatı indirimde aldım memnunum.,TRENDYOLMİLLA Siyah Eteği Volanlı A Kesim Şifon Midi Astarlı Dokuma Elbise TWOSS22EL00733
19 Temmuz 2022,Bilgi mevcut değil,Bilgi mevcut değil,Beden: 40,"Güzel bir elbise, bedeni küçük geldiği için iade ettim, bir büyük bedeni gelince alacağım, teşekkür ederim trendyol, dikişler de bir sorun yok, satıcı firmayada teşekkür ederim.",TRENDYOLMİLLA Siyah Eteği Volanlı A Kesim Şifon Midi Astarlı Dokuma Elbise TWOSS22EL00733
19 Temmuz 2022,Bilgi mevcut değil,Bilgi mevcut değil,Beden: 40,57 kilo 1.59 boyundayım 38 beden sipariş verdim fakat çok dar oldu üstü kısmı özellikle iade ederek 40 beden aldim cok rahat oldu.Kesinlikle tavsiye ediyorum kurtarıcı parca.🌸👏,TRENDYOLMİLLA Siyah Eteği Volanlı A Kesim Şifon Midi Astarlı Dokuma Elbise TWOSS22EL00733
17 Temmuz 2022,Bilgi mevcut değil,Bilgi mevcut değil,Beden: 38,Boyum 1.68 mankendeki gibi dursaydı daha çok beğenecektim ama geri iade etmeyeceğim illa lazım olur,TRENDYOLMİLLA Siyah Eteği Volanlı A Kesim Şifon Midi Astarlı Dokuma Elbise TWOSS22EL00733
16 Temmuz 2022,Bilgi mevcut değil,Bilgi mevcut değil,Beden: 40,Şık bir ürün çok zarif sadece bedenleri sıkıntılı 40 sipariş verdim etiket 40 elbise 38 beden ama tam oldu.Kaliteli ve uygun fiyatlı,TRENDYOLMİLLA Siyah Eteği Volanlı A Kesim Şifon Midi Astarlı Dokuma Elbise TWOSS22EL00733
07 Temmuz 2022,Bilgi mevcut değil,Bilgi mevcut değil,Beden: 38,Kupon ile 110 liraya aldım çok zarif kurtarıcı bir elbise boy 170 kilo 58 M beden tam oldu,TRENDYOLMİLLA Siyah Eteği Volanlı A Kesim Şifon Midi Astarlı Dokuma Elbise TWOSS22EL00733
03 Temmuz 2022,Bilgi mevcut değil,Bilgi mevcut değil,Beden: 42,harika oldu tam kalıp teşekkürler beğenerek giyeceğim bu paraya çok iyi urun indirimden aldım birde kupon kullandım 109 tl ye geldi teşekkürler trendyolmilla,TRENDYOLMİLLA Siyah Eteği Volanlı A Kesim Şifon Midi Astarlı Dokuma Elbise TWOSS22EL00733
30 Haziran 2022,Bilgi mevcut değil,Bilgi mevcut değil,Beden: 38,Harika çok zarif bi elbise tam bedeninizi alın,TRENDYOLMİLLA Siyah Eteği Volanlı A Kesim Şifon Midi Astarlı Dokuma Elbise TWOSS22EL00733
27 Haziran 2022,Bilgi mevcut değil,Bilgi mevcut değil,Beden: 42,Çokk guzel Bi elbise beden 42 aldık fakat 38 beden gibi maalesef ondan dolayı iade ettim kargo süperr hızlı akşam söyledim sabah geldi teşekkür ederim,TRENDYOLMİLLA Siyah Eteği Volanlı A Kesim Şifon Midi Astarlı Dokuma Elbise TWOSS22EL00733
26 Haziran 2022,Bilgi mevcut değil,Bilgi mevcut değil,Beden: 38,çok kibar şık bir elbise çok beğendiğim oğlumun mezuniyet partisi için aldım 56 kilo ya 38 beden aldım çok ta güzel oldu arkadaşlarım çok beğendi,TRENDYOLMİLLA Siyah Eteği Volanlı A Kesim Şifon Midi Astarlı Dokuma Elbise TWOSS22EL00733
24 Haziran 2022,Bilgi mevcut değil,Bilgi mevcut değil,Beden: 42,çok zarif çok güzel bir elbise.. boyum 1.70 kilom 63 normalde 38 40 giyiyorum yorumlara bakarak 42 aldım ve tam oldu ne çok dar ne bol.. ben çok beğendim,TRENDYOLMİLLA Siyah Eteği Volanlı A Kesim Şifon Midi Astarlı Dokuma Elbise TWOSS22EL00733
24 Haziran 2022,Bilgi mevcut değil,Bilgi mevcut değil,Beden: 42,beğendim kurtarıcı bir elbise,TRENDYOLMİLLA Siyah Eteği Volanlı A Kesim Şifon Midi Astarlı Dokuma Elbise TWOSS22EL00733
23 Haziran 2022,Bilgi mevcut değil,Bilgi mevcut değil,Beden: 40,çok güzel abiye niyetine de giyilir. 170 boy 58 kiloya 38 dar geldi iade 40 tam uydu,TRENDYOLMİLLA Siyah Eteği Volanlı A Kesim Şifon Midi Astarlı Dokuma Elbise TWOSS22EL00733
23 Haziran 2022,Bilgi mevcut değil,Bilgi mevcut değil,Beden: 40,"Elbise çok güzel, modeli çok çok zarif. Kalıbı biraz dar gibi geldi bize. Ama model süper. Akşam sipariş verdik ertesi gün elimize ulaştı. Teşekkür ederiz Trendyolll",TRENDYOLMİLLA Siyah Eteği Volanlı A Kesim Şifon Midi Astarlı Dokuma Elbise TWOSS22EL00733
23 Haziran 2022,Bilgi mevcut değil,Bilgi mevcut değil,Beden: 42,Güzel elbise ama bir beden büyük alın,TRENDYOLMİLLA Siyah Eteği Volanlı A Kesim Şifon Midi Astarlı Dokuma Elbise TWOSS22EL00733
23 Haziran 2022,Bilgi mevcut değil,Bilgi mevcut değil,Beden: 38,"165 boy , 58 kilo 38 beden tam oldu , çok hoş zarif bir elbise",TRENDYOLMİLLA Siyah Eteği Volanlı A Kesim Şifon Midi Astarlı Dokuma Elbise TWOSS22EL00733
23 Haziran 2022,Bilgi mevcut değil,Bilgi mevcut değil,Beden: 40,"Zarif , harika.. Tavsiye ederim.. Rahat olsun derseniz bir beden büyük alın...Kalıp biraz dar ..",TRENDYOLMİLLA Siyah Eteği Volanlı A Kesim Şifon Midi Astarlı Dokuma Elbise TWOSS22EL00733
23 Haziran 2022,Bilgi mevcut değil,Bilgi mevcut değil,Beden: 40,Elbise guzel rahat tam beden alabilirsiniz sadrcr arka dikişte sorun var o yuzden 4 yildiz verdim,TRENDYOLMİLLA Siyah Eteği Volanlı A Kesim Şifon Midi Astarlı Dokuma Elbise TWOSS22EL00733
22 Haziran 2022,Bilgi mevcut değil,Bilgi mevcut değil,Beden: 40,güzel elbise,TRENDYOLMİLLA Siyah Eteği Volanlı A Kesim Şifon Midi Astarlı Dokuma Elbise TWOSS22EL00733
22 Haziran 2022,Bilgi mevcut değil,Bilgi mevcut değil,Beden: 42,Ürün çok güzel ama kalıbı küçük kesinlkşe 1 beden büyük alınmalı,TRENDYOLMİLLA Siyah Eteği Volanlı A Kesim Şifon Midi Astarlı Dokuma Elbise TWOSS22EL00733
22 Haziran 2022,Bilgi mevcut değil,Bilgi mevcut değil,Beden: 42,Kalıbı güzel fakat 1 beden büyüğünü alın göbek varsa,TRENDYOLMİLLA Siyah Eteği Volanlı A Kesim Şifon Midi Astarlı Dokuma Elbise TWOSS22EL00733
22 Haziran 2022,Bilgi mevcut değil,Bilgi mevcut değil,Beden: 40,ürün çok şık bedeninize göre alın ben çok beğendim,TRENDYOLMİLLA Siyah Eteği Volanlı A Kesim Şifon Midi Astarlı Dokuma Elbise TWOSS22EL00733
21 Haziran 2022,Bilgi mevcut değil,Bilgi mevcut değil,Beden: 42,üründe dikim hatası mevcut. Beden kalıbı kesinlikle 42 beden değil. Ayrıca ücret iadesi olan 50 TL'nin kartıma yansıtılmasını istiyoruz kupon olarak verilmesini kabul etmiyoruz.,TRENDYOLMİLLA Siyah Eteği Volanlı A Kesim Şifon Midi Astarlı Dokuma Elbise TWOSS22EL00733
21 Haziran 2022,Bilgi mevcut değil,Bilgi mevcut değil,Beden: 40,boyum 1.75 kilo 70 40 beden tam oldu esneyen bir kumaş değil bilginiz olsun ve zayıf gösteren şık bir elbise,TRENDYOLMİLLA Siyah Eteği Volanlı A Kesim Şifon Midi Astarlı Dokuma Elbise TWOSS22EL00733
21 Haziran 2022,Bilgi mevcut değil,Bilgi mevcut değil,Beden: 40,Fiat çok uygun ürün çok güzel tavsiye ederim,TRENDYOLMİLLA Siyah Eteği Volanlı A Kesim Şifon Midi Astarlı Dokuma Elbise TWOSS22EL00733
20 Haziran 2022,Bilgi mevcut değil,Bilgi mevcut değil,Beden: 42,fiyatina gore mukemmel bir elbise cok şık ve cok zarif duruyor bir beden buyuk aldim tam oldu kumasi kaliteside cok iyi tesekkurler trendyol,TRENDYOLMİLLA Siyah Eteği Volanlı A Kesim Şifon Midi Astarlı Dokuma Elbise TWOSS22EL00733
18 Haziran 2022,Bilgi mevcut değil,Bilgi mevcut değil,Beden: 42,Çok güzel alın alın alın çok zarif duruyor boy 170 kilo 75 42 aldım tam oluyor sadece belden oturtma olduğu için zor giyiliyor yoksa efsane 👌,TRENDYOLMİLLA Siyah Eteği Volanlı A Kesim Şifon Midi Astarlı Dokuma Elbise TWOSS22EL00733
17 Haziran 2022,Bilgi mevcut değil,Bilgi mevcut değil,Beden: 36,çok çok çok zarif.kendi bedeninizi almanızı öneririm.,TRENDYOLMİLLA Siyah Eteği Volanlı A Kesim Şifon Midi Astarlı Dokuma Elbise TWOSS22EL00733
16 Haziran 2022,Bilgi mevcut değil,Bilgi mevcut değil,Beden: 42,"Ürün gerçekten güzel lakin 1 beden büyük almama rağmen fermuarını kapatamadım. Fermuarı ince fermuarlardan ve dikiş yerinden başkasının yardımı olmadan ilerlemiyor. Tek yaşayan biriyim. Arkadaşımın nikahı için aldım ama arkasını kapatacak kimsem olmadığı için maalesef giyemeyeceğim. Onun dışında çok güzel. Bir gün arkasını kapatmama yardım edecek b
Devamını Oku",TRENDYOLMİLLA Siyah Eteği Volanlı A Kesim Şifon Midi Astarlı Dokuma Elbise TWOSS22EL00733
11 Haziran 2022,Bilgi mevcut değil,Bilgi mevcut değil,Beden: 36,Kizlar elbise yikiliyor alin aldirin. 1.60 boy 52 kilo 36 beden aldim belim ince oldugu icinn cokk hafif ama cok hfif bol oldu bayildim elbiseye ❤️❤️,TRENDYOLMİLLA Siyah Eteği Volanlı A Kesim Şifon Midi Astarlı Dokuma Elbise TWOSS22EL00733
08 Haziran 2022,Bilgi mevcut değil,Bilgi mevcut değil,Beden: 36,48kilo 36beden super ürün,TRENDYOLMİLLA Siyah Eteği Volanlı A Kesim Şifon Midi Astarlı Dokuma Elbise TWOSS22EL00733
07 Haziran 2022,Bilgi mevcut değil,Bilgi mevcut değil,Beden: 36,bayıldım 🌸🌸,TRENDYOLMİLLA Siyah Eteği Volanlı A Kesim Şifon Midi Astarlı Dokuma Elbise TWOSS22EL00733
06 Haziran 2022,Bilgi mevcut değil,Bilgi mevcut değil,Beden: 36,"158 boy ,47 kiloyum s beden tercih ettim oldu ,ürün harika sözüm için kullanacağım içiniz rahat alabilirsiniz :)2 gün önce sipariş ettim hemen teslim edildi satıcı ve kargo harika ✌️",TRENDYOLMİLLA Siyah Eteği Volanlı A Kesim Şifon Midi Astarlı Dokuma Elbise TWOSS22EL00733
25 Mayıs 2022,Bilgi mevcut değil,Bilgi mevcut değil,Beden: 38,İçinde astarı var günlük güzel bi elbise 1.60 boy 50 kilo 38 büyük geldi iade edip 36 alıcam,TRENDYOLMİLLA Siyah Eteği Volanlı A Kesim Şifon Midi Astarlı Dokuma Elbise TWOSS22EL00733
18 Mayıs 2022,Bilgi mevcut değil,Bilgi mevcut değil,Beden: 42,İndirimle 142 liraya aldım kumaşı dokusu gayet güzel.,TRENDYOLMİLLA Siyah Eteği Volanlı A Kesim Şifon Midi Astarlı Dokuma Elbise TWOSS22EL00733
14 Mayıs 2022,Bilgi mevcut değil,Bilgi mevcut değil,Beden: 40,Çok zarif bi elbise kuponla çok uyguna geldi 70 kiloyum 40 beden bi tık sıktı 42 alsam daha rahat olurdu,TRENDYOLMİLLA Siyah Eteği Volanlı A Kesim Şifon Midi Astarlı Dokuma Elbise TWOSS22EL00733
13 Mayıs 2022,Bilgi mevcut değil,Bilgi mevcut değil,Beden: 42,çeyizim için sipariş verdim 74 kiloyum 42 beden söyledim tam oldu. siyah güzel sade şifon bir elbise almak isteyen varsa bu fiyata kaçırmasın derim,TRENDYOLMİLLA Siyah Eteği Volanlı A Kesim Şifon Midi Astarlı Dokuma Elbise TWOSS22EL00733
12 Mayıs 2022,Bilgi mevcut değil,Bilgi mevcut değil,Beden: 38,Çok beğendim çok güzel bi ürün. 55 kilo 1.60 boy 38 beden tam oldu. 🤗,TRENDYOLMİLLA Siyah Eteği Volanlı A Kesim Şifon Midi Astarlı Dokuma Elbise TWOSS22EL00733
11 Mayıs 2022,Bilgi mevcut değil,Bilgi mevcut değil,Beden: 38,Elbise güzel ama kalıbı çok dar.1.62 boy 60 kilo m beden aldım aşırı dar oldu mecburen iade.,TRENDYOLMİLLA Siyah Eteği Volanlı A Kesim Şifon Midi Astarlı Dokuma Elbise TWOSS22EL00733
09 Mayıs 2022,Bilgi mevcut değil,Bilgi mevcut değil,Beden: 38,gayet güzel fiyatı da çok iyi. tam bedeninizi alabilirsiniz 163 boy 58 kilo 38 beden tam oldu. teşekkür ederim.,TRENDYOLMİLLA Siyah Eteği Volanlı A Kesim Şifon Midi Astarlı Dokuma Elbise TWOSS22EL00733
07 Mayıs 2022,Bilgi mevcut değil,Bilgi mevcut değil,Beden: 38,Elbise cok güzel kumaşı kaliteli baseni olanlar bir beden büyük alabilir 36 aldım olmadı 38 sipariş verdim,TRENDYOLMİLLA Siyah Eteği Volanlı A Kesim Şifon Midi Astarlı Dokuma Elbise TWOSS22EL00733
07 Ağustos 2024,Boy: 153cm,Kilo: 53kg,Beden: 34,Ürün göründüğü gibi ancak dikişleri çok kötü paketleme çok kötü geldi ancak kargo hızlıydı fiyatı hak etmiyor pazar malı,TRENDYOLMİLLA Siyah Eteği Volanlı A Kesim Şifon Midi Astarlı Dokuma Elbise TWOSS22EL00733
07 Ağustos 2024,Boy: 160cm,Kilo: 68kg,Beden: 42,elbisem göründüğü gibi geldi sorunsuz,TRENDYOLMİLLA Siyah Eteği Volanlı A Kesim Şifon Midi Astarlı Dokuma Elbise TWOSS22EL00733
29 Temmuz 2024,Boy: 160cm,Kilo: 52kg,Beden: 42,Elbise çok güzel ancak dikiş hatası var. İade edip tekrar alacağım,TRENDYOLMİLLA Siyah Eteği Volanlı A Kesim Şifon Midi Astarlı Dokuma Elbise TWOSS22EL00733
27 Temmuz 2024,Boy: 171cm,Kilo: 82kg,Beden: 44,rengi çok tatlı üzerinde çok güzel duruyor bayıldımmmmm o kadar dar değil normalde göğüs sıkıntısı çekerim ama olmadı 82 kilo boy 171,TRENDYOLMİLLA Siyah Eteği Volanlı A Kesim Şifon Midi Astarlı Dokuma Elbise TWOSS22EL00733
26 Temmuz 2024,Boy: 175cm,Kilo: 52kg,Beden: 42,annem için almıştım çok beğendi tam beden alınabilir çok tatlı bir elbise 🤍,TRENDYOLMİLLA Siyah Eteği Volanlı A Kesim Şifon Midi Astarlı Dokuma Elbise TWOSS22EL00733
26 Temmuz 2024,Boy: 183cm,Kilo: 93kg,Beden: 44,"Bu elbisenin kırmızısını severek kullandığımdan siyahını almak istedim, model olarak çok zarif sade şık bir elbise fakat dikişleri problemli. Sırt fermuar dikişleri yamuk. Fermuarın alt başlangıcı sol üst son kısmı sağa doğru ilerliyor. Cemiyet için alacaksacanız eğer tek seçenek bu elbise olmasın benim gibi zora düşmeyin.",TRENDYOLMİLLA Siyah Eteği Volanlı A Kesim Şifon Midi Astarlı Dokuma Elbise TWOSS22EL00733
24 Temmuz 2024,Boy: 163cm,Kilo: 60kg,Beden: 40,Ürünüm hatalı geldi ve kendime yakıştıramadım,TRENDYOLMİLLA Siyah Eteği Volanlı A Kesim Şifon Midi Astarlı Dokuma Elbise TWOSS22EL00733
23 Temmuz 2024,Boy: 170cm,Kilo: 65kg,Beden: 40,yırtık geldi iade,TRENDYOLMİLLA Siyah Eteği Volanlı A Kesim Şifon Midi Astarlı Dokuma Elbise TWOSS22EL00733
10 Temmuz 2024,Bilgi mevcut değil,Bilgi mevcut değil,Beden: 44,kolları çok uzun duruyor ve bedeni küçük geldi o yüzden iade ettim,TRENDYOLMİLLA Siyah Eteği Volanlı A Kesim Şifon Midi Astarlı Dokuma Elbise TWOSS22EL00733
12 Haziran 2024,Bilgi mevcut değil,Bilgi mevcut değil,Beden: 38,Kenarında çıkıntı gibi bir şey vardı ve kalıbı dar beğenmedim iade maalesef,TRENDYOLMİLLA Siyah Eteği Volanlı A Kesim Şifon Midi Astarlı Dokuma Elbise TWOSS22EL00733
27 Mayıs 2024,Bilgi mevcut değil,Bilgi mevcut değil,Beden: 42,dikişleri bi tuhaf. Ne düz ne yamuk gibi. düzeltiyorum önden düzeliyor arkadan yamuluyor,TRENDYOLMİLLA Siyah Eteği Volanlı A Kesim Şifon Midi Astarlı Dokuma Elbise TWOSS22EL00733
22 Mayıs 2024,Bilgi mevcut değil,Bilgi mevcut değil,Beden: 38,"kalça kenarlarında dikiş hataları var. bedeni sorunlu, normalde M beden giyiyorum aşırı geniş oldu. kumaşı ve duruşu hiç iyi değil, sırf üşendiğimden iade etmiyorum.",TRENDYOLMİLLA Siyah Eteği Volanlı A Kesim Şifon Midi Astarlı Dokuma Elbise TWOSS22EL00733
07 Mayıs 2024,Boy: 162cm,Kilo: 50kg,Beden: 36,mezuniyet için b planı olsun diye almıştım ve hiç beklentim yoktu ama aldığım asıl elbiseden çok daha güzel bunu giyicem cidden bu kadar güzel beklemiyodum düşünmeden alabilirsinizz,TRENDYOLMİLLA Siyah Eteği Volanlı A Kesim Şifon Midi Astarlı Dokuma Elbise TWOSS22EL00733
03 Mayıs 2024,Boy: 164cm,Kilo: 65kg,Beden: 42,Omuz kısmı geniş olan kişiler 1 beden büyük almalı çünkü kalıbı dar kesim . Kumaş kalitesi fena değil,TRENDYOLMİLLA Siyah Eteği Volanlı A Kesim Şifon Midi Astarlı Dokuma Elbise TWOSS22EL00733
11 Kasım 2023,Boy: 161cm,Kilo: 69kg,Beden: 42,dikişleri kalitesi çok kötü iade,TRENDYOLMİLLA Siyah Eteği Volanlı A Kesim Şifon Midi Astarlı Dokuma Elbise TWOSS22EL00733
05 Kasım 2023,Boy: 165cm,Kilo: 63kg,Beden: 40,Şık bi elbise,TRENDYOLMİLLA Siyah Eteği Volanlı A Kesim Şifon Midi Astarlı Dokuma Elbise TWOSS22EL00733
01 Kasım 2023,Boy: 169cm,Kilo: 59kg,Beden: 40,Fena değil,TRENDYOLMİLLA Siyah Eteği Volanlı A Kesim Şifon Midi Astarlı Dokuma Elbise TWOSS22EL00733
18 Ekim 2023,Boy: 165cm,Kilo: 75kg,Beden: 42,Dar kalıbı var kumaşını çok beğenmedim pamuklu değil,TRENDYOLMİLLA Siyah Eteği Volanlı A Kesim Şifon Midi Astarlı Dokuma Elbise TWOSS22EL00733
09 Ekim 2023,Boy: 172cm,Kilo: 55kg,Beden: 36,çok çok güzel çok şık,TRENDYOLMİLLA Siyah Eteği Volanlı A Kesim Şifon Midi Astarlı Dokuma Elbise TWOSS22EL00733
06 Ekim 2023,Boy: 158cm,Kilo: 60kg,Beden: 40,ben çok beğendim satıcıya teşekkür ederim 💖,TRENDYOLMİLLA Siyah Eteği Volanlı A Kesim Şifon Midi Astarlı Dokuma Elbise TWOSS22EL00733
06 Ekim 2023,Boy: 175cm,Kilo: 85kg,Beden: 40,Harika ürün,TRENDYOLMİLLA Siyah Eteği Volanlı A Kesim Şifon Midi Astarlı Dokuma Elbise TWOSS22EL00733
02 Ekim 2023,Bilgi mevcut değil,Bilgi mevcut değil,Bilgi mevcut değil,Aşırı güzel bir elbise vücütta da güzel duruyor ama bana büyük geldiği için iade ettim.,TRENDYOLMİLLA Siyah Eteği Volanlı A Kesim Şifon Midi Astarlı Dokuma Elbise TWOSS22EL00733
25 Eylül 2023,Bilgi mevcut değil,Bilgi mevcut değil,Beden: 40,güzel ürün,TRENDYOLMİLLA Siyah Eteği Volanlı A Kesim Şifon Midi Astarlı Dokuma Elbise TWOSS22EL00733
05 Ağustos 2023,Boy: 160cm,Kilo: 59kg,Bilgi mevcut değil,çok beğenerek giydim 59 kiloya m beden tam oldu,TRENDYOLMİLLA Siyah Eteği Volanlı A Kesim Şifon Midi Astarlı Dokuma Elbise TWOSS22EL00733
26 Temmuz 2023,Bilgi mevcut değil,Bilgi mevcut değil,Bilgi mevcut değil,elbise güzel ama çok dar kalıp 160 boy 68 kiloyum L beden almama rağmen s beden gibi dar geldi malesef iade,TRENDYOLMİLLA Siyah Eteği Volanlı A Kesim Şifon Midi Astarlı Dokuma Elbise TWOSS22EL00733
22 Temmuz 2023,Bilgi mevcut değil,Bilgi mevcut değil,Bilgi mevcut değil,ürünüm bir gün sonra teslim edildi hızlı teslimat için teşekkür ederim,TRENDYOLMİLLA Siyah Eteği Volanlı A Kesim Şifon Midi Astarlı Dokuma Elbise TWOSS22EL00733
09 Temmuz 2023,Boy: 178cm,Kilo: 92kg,Bilgi mevcut değil,ürün beden konusunda 1beden büyük alınmalı. duruşu çok kibar fiyat performans ürünü,TRENDYOLMİLLA Siyah Eteği Volanlı A Kesim Şifon Midi Astarlı Dokuma Elbise TWOSS22EL00733
29 Haziran 2023,Boy: 168cm,Kilo: 72kg,Bilgi mevcut değil,Kalıbı dar iade ettim,TRENDYOLMİLLA Siyah Eteği Volanlı A Kesim Şifon Midi Astarlı Dokuma Elbise TWOSS22EL00733
28 Haziran 2023,Bilgi mevcut değil,Bilgi mevcut değil,Bilgi mevcut değil,fıyatına gore guzel,TRENDYOLMİLLA Siyah Eteği Volanlı A Kesim Şifon Midi Astarlı Dokuma Elbise TWOSS22EL00733
27 Haziran 2023,Bilgi mevcut değil,Bilgi mevcut değil,Bilgi mevcut değil,çok güzel ve şık tavsiye ederim,TRENDYOLMİLLA Siyah Eteği Volanlı A Kesim Şifon Midi Astarlı Dokuma Elbise TWOSS22EL00733
27 Haziran 2023,Boy: 168cm,Kilo: 69kg,Bilgi mevcut değil,Çok güzel bi elbise. Tam beden alabilirsiniz.,TRENDYOLMİLLA Siyah Eteği Volanlı A Kesim Şifon Midi Astarlı Dokuma Elbise TWOSS22EL00733
26 Haziran 2023,Boy: 167cm,Kilo: 67kg,Bilgi mevcut değil,Anneme aldım 156 boy 65 kilo,TRENDYOLMİLLA Siyah Eteği Volanlı A Kesim Şifon Midi Astarlı Dokuma Elbise TWOSS22EL00733
24 Haziran 2023,Bilgi mevcut değil,Bilgi mevcut değil,Bilgi mevcut değil,ürün çok güzel geldi çok beğendim fakat bana olmadı oyuzden geri iade etmek zorunda kaldım ve bu durumdan ötürü üzüldüm 44 bedeni olsaydı degistirecektim ama 😔,TRENDYOLMİLLA Siyah Eteği Volanlı A Kesim Şifon Midi Astarlı Dokuma Elbise TWOSS22EL00733
24 Haziran 2023,Boy: 173cm,Kilo: 57kg,Bilgi mevcut değil,boy 162 kilo 64 38 beden tam oldu .,TRENDYOLMİLLA Siyah Eteği Volanlı A Kesim Şifon Midi Astarlı Dokuma Elbise TWOSS22EL00733
24 Haziran 2023,Bilgi mevcut değil,Bilgi mevcut değil,Bilgi mevcut değil,Kargo çok hızlı ürün çok güzel tam bedeninizi alabilirsiniz,TRENDYOLMİLLA Siyah Eteği Volanlı A Kesim Şifon Midi Astarlı Dokuma Elbise TWOSS22EL00733
23 Haziran 2023,Bilgi mevcut değil,Bilgi mevcut değil,Bilgi mevcut değil,anneme aldım çok zarif bir beden büyük tercih edilebilir,TRENDYOLMİLLA Siyah Eteği Volanlı A Kesim Şifon Midi Astarlı Dokuma Elbise TWOSS22EL00733
21 Haziran 2023,Boy: 162cm,Kilo: 52kg,Bilgi mevcut değil,beğendim boy 1.62 kilo 52 duruşu böyle,TRENDYOLMİLLA Siyah Eteği Volanlı A Kesim Şifon Midi Astarlı Dokuma Elbise TWOSS22EL00733
20 Haziran 2023,Bilgi mevcut değil,Bilgi mevcut değil,Bilgi mevcut değil,şık bir elbise ancak bir beden büyük alınmalı,TRENDYOLMİLLA Siyah Eteği Volanlı A Kesim Şifon Midi Astarlı Dokuma Elbise TWOSS22EL00733
20 Haziran 2023,Bilgi mevcut değil,Bilgi mevcut değil,Bilgi mevcut değil,fena değil..,TRENDYOLMİLLA Siyah Eteği Volanlı A Kesim Şifon Midi Astarlı Dokuma Elbise TWOSS22EL00733
19 Haziran 2023,Boy: 168cm,Kilo: 70kg,Bilgi mevcut değil,70 kilo 1.67 boyundayım. 40 beden aldım gayet güzel oldu. çok memnun kaldım,TRENDYOLMİLLA Siyah Eteği Volanlı A Kesim Şifon Midi Astarlı Dokuma Elbise TWOSS22EL00733
17 Haziran 2023,Boy: 163cm,Kilo: 60kg,Bilgi mevcut değil,Ürün güzel ama dikiş hataları var sürekli yukarı toparlanma yapıyor tül kısmı iade ettim,TRENDYOLMİLLA Siyah Eteği Volanlı A Kesim Şifon Midi Astarlı Dokuma Elbise TWOSS22EL00733
17 Haziran 2023,Bilgi mevcut değil,Bilgi mevcut değil,Bilgi mevcut değil,Ürünü aldım kargo ve paketleme gayet güzel teşekkürler,TRENDYOLMİLLA Siyah Eteği Volanlı A Kesim Şifon Midi Astarlı Dokuma Elbise TWOSS22EL00733
17 Haziran 2023,Bilgi mevcut değil,Bilgi mevcut değil,Bilgi mevcut değil,"çok zarif duran bir elbise ,tam beden",TRENDYOLMİLLA Siyah Eteği Volanlı A Kesim Şifon Midi Astarlı Dokuma Elbise TWOSS22EL00733
16 Haziran 2023,Bilgi mevcut değil,Bilgi mevcut değil,Bilgi mevcut değil,kalıbı dar,TRENDYOLMİLLA Siyah Eteği Volanlı A Kesim Şifon Midi Astarlı Dokuma Elbise TWOSS22EL00733
15 Haziran 2023,Boy: 160cm,Kilo: 48kg,Bilgi mevcut değil,Güzel şık begendim,TRENDYOLMİLLA Siyah Eteği Volanlı A Kesim Şifon Midi Astarlı Dokuma Elbise TWOSS22EL00733
15 Haziran 2023,Boy: 168cm,Kilo: 74kg,Bilgi mevcut değil,Çok beğendim,TRENDYOLMİLLA Siyah Eteği Volanlı A Kesim Şifon Midi Astarlı Dokuma Elbise TWOSS22EL00733
15 Haziran 2023,Bilgi mevcut değil,Bilgi mevcut değil,Bilgi mevcut değil,Beden olmadı,TRENDYOLMİLLA Siyah Eteği Volanlı A Kesim Şifon Midi Astarlı Dokuma Elbise TWOSS22EL00733
15 Haziran 2023,Boy: 164cm,Kilo: 51kg,Bilgi mevcut değil,güzel ama bi tarafın dikişini yanlış yapmışlar ona göre alın,TRENDYOLMİLLA Siyah Eteği Volanlı A Kesim Şifon Midi Astarlı Dokuma Elbise TWOSS22EL00733
15 Haziran 2023,Bilgi mevcut değil,Bilgi mevcut değil,Bilgi mevcut değil,cenaze için ideal bi seçim,TRENDYOLMİLLA Siyah Eteği Volanlı A Kesim Şifon Midi Astarlı Dokuma Elbise TWOSS22EL00733
14 Haziran 2023,Bilgi mevcut değil,Bilgi mevcut değil,Bilgi mevcut değil,"Çok güzel ve rahat her yere giyilebilir, bir beden büyük alınabilir.",TRENDYOLMİLLA Siyah Eteği Volanlı A Kesim Şifon Midi Astarlı Dokuma Elbise TWOSS22EL00733
14 Haziran 2023,Bilgi mevcut değil,Bilgi mevcut değil,Bilgi mevcut değil,inanılmaz güzel kalıp tam beden 🥰,TRENDYOLMİLLA Siyah Eteği Volanlı A Kesim Şifon Midi Astarlı Dokuma Elbise TWOSS22EL00733
13 Haziran 2023,Bilgi mevcut değil,Bilgi mevcut değil,Bilgi mevcut değil,"Elbise çok güzel, biraz kalıbı dar",TRENDYOLMİLLA Siyah Eteği Volanlı A Kesim Şifon Midi Astarlı Dokuma Elbise TWOSS22EL00733
13 Haziran 2023,Boy: 160cm,Kilo: 70kg,Bilgi mevcut değil,Model olarak çok güzel bir beden büyük tercih edebilirsiniz dar kalıp,TRENDYOLMİLLA Siyah Eteği Volanlı A Kesim Şifon Midi Astarlı Dokuma Elbise TWOSS22EL00733
13 Haziran 2023,Bilgi mevcut değil,Bilgi mevcut değil,Bilgi mevcut değil,Kalını dar bir beden büyük aldım onun dışında duruşu çok güzel iç göstermiyor rahatça giyebileceğiniz bir elbise,TRENDYOLMİLLA Siyah Eteği Volanlı A Kesim Şifon Midi Astarlı Dokuma Elbise TWOSS22EL00733
12 Haziran 2023,Bilgi mevcut değil,Bilgi mevcut değil,Bilgi mevcut değil,beklediğimden çok daha güzel durdu kesinlikle. fiyat performans ürünü,TRENDYOLMİLLA Siyah Eteği Volanlı A Kesim Şifon Midi Astarlı Dokuma Elbise TWOSS22EL00733
11 Haziran 2023,Bilgi mevcut değil,Bilgi mevcut değil,Bilgi mevcut değil,bayıldım gerçekten hem kumaşı hem duruşu harika,TRENDYOLMİLLA Siyah Eteği Volanlı A Kesim Şifon Midi Astarlı Dokuma Elbise TWOSS22EL00733
10 Haziran 2023,Boy: 155cm,Kilo: 65kg,Bilgi mevcut değil,bedeni küçük oldu iade ettim ama çok güzel elbise,TRENDYOLMİLLA Siyah Eteği Volanlı A Kesim Şifon Midi Astarlı Dokuma Elbise TWOSS22EL00733
10 Haziran 2023,Boy: 160cm,Kilo: 64kg,Bilgi mevcut değil,Bir 160 boy 64 kg tam oldu kumaşı fermuar dikimi güzeldi ben önüne ince bir taş yaptım daha şık durdu hafif bol olmasını istiyorduk hafif bol oldu,TRENDYOLMİLLA Siyah Eteği Volanlı A Kesim Şifon Midi Astarlı Dokuma Elbise TWOSS22EL00733
10 Haziran 2023,Bilgi mevcut değil,Bilgi mevcut değil,Bilgi mevcut değil,Ürün çok güzel eğer üstüne ze oturmasini istiyorsanız bi beden küçük alın süper duruyo baya beğendim 3 günde elime ulaştı baya şık bı elbise 42 kg 1.54 beden uzerimdeki 34 (XS) beden,TRENDYOLMİLLA Siyah Eteği Volanlı A Kesim Şifon Midi Astarlı Dokuma Elbise TWOSS22EL00733
09 Haziran 2023,Boy: 155cm,Kilo: 42kg,Bilgi mevcut değil,muhteşem teşekkürler,TRENDYOLMİLLA Siyah Eteği Volanlı A Kesim Şifon Midi Astarlı Dokuma Elbise TWOSS22EL00733
09 Haziran 2023,Boy: 168cm,Kilo: 61kg,Bilgi mevcut değil,elbise çok zarif kumaşı da çok iyi,TRENDYOLMİLLA Siyah Eteği Volanlı A Kesim Şifon Midi Astarlı Dokuma Elbise TWOSS22EL00733
08 Haziran 2023,Bilgi mevcut değil,Bilgi mevcut değil,Bilgi mevcut değil,elbise tam oldu çok güzel bayıldım,TRENDYOLMİLLA Siyah Eteği Volanlı A Kesim Şifon Midi Astarlı Dokuma Elbise TWOSS22EL00733
08 Haziran 2023,Bilgi mevcut değil,Bilgi mevcut değil,Bilgi mevcut değil,kalitesine bayıldım,TRENDYOLMİLLA Siyah Eteği Volanlı A Kesim Şifon Midi Astarlı Dokuma Elbise TWOSS22EL00733
08 Haziran 2023,Boy: 165cm,Kilo: 55kg,Bilgi mevcut değil,ürün güzel ben geç sipariş ettim 3gunde geldi ben elbiseyi bu kadar uzun olcagini zanetmedim ama yine bu fiyata göre mükemmel 1beden büyük alinmali,TRENDYOLMİLLA Siyah Eteği Volanlı A Kesim Şifon Midi Astarlı Dokuma Elbise TWOSS22EL00733
07 Haziran 2023,Boy: 165cm,Kilo: 55kg,Bilgi mevcut değil,Süper bi elbise kesinlikle tavsiye ediyorum,TRENDYOLMİLLA Siyah Eteği Volanlı A Kesim Şifon Midi Astarlı Dokuma Elbise TWOSS22EL00733
06 Haziran 2023,Boy: 155cm,Kilo: 55kg,Bilgi mevcut değil,Çok zarif ve şık bir elbise. 1.58 55 kilo 38 beden tam oldu.,TRENDYOLMİLLA Siyah Eteği Volanlı A Kesim Şifon Midi Astarlı Dokuma Elbise TWOSS22EL00733
06 Haziran 2023,Bilgi mevcut değil,Bilgi mevcut değil,Bilgi mevcut değil,Anneme aldım düğünde giyecek çok güzel bir model bayıldık,TRENDYOLMİLLA Siyah Eteği Volanlı A Kesim Şifon Midi Astarlı Dokuma Elbise TWOSS22EL00733
06 Haziran 2023,Boy: 155cm,Kilo: 65kg,Bilgi mevcut değil,Severek giyiniyorum,TRENDYOLMİLLA Siyah Eteği Volanlı A Kesim Şifon Midi Astarlı Dokuma Elbise TWOSS22EL00733
04 Haziran 2023,Bilgi mevcut değil,Bilgi mevcut değil,Bilgi mevcut değil,163 boy 63 kiloyum 38 bedeni biraz sıktı 40 bedende bol oldu belden üstüm daha incedir ama kumaşı duruşu falan güzel,TRENDYOLMİLLA Siyah Eteği Volanlı A Kesim Şifon Midi Astarlı Dokuma Elbise TWOSS22EL00733
04 Haziran 2023,Bilgi mevcut değil,Bilgi mevcut değil,Bilgi mevcut değil,cok güzel cok beğendim,TRENDYOLMİLLA Siyah Eteği Volanlı A Kesim Şifon Midi Astarlı Dokuma Elbise TWOSS22EL00733
02 Haziran 2023,Boy: 158cm,Kilo: 75kg,Bilgi mevcut değil,Çok kullanişli harika bir ürün giy özel güne git ardaşın düğüne nişana özel güne mis gibi boneonun tavsiyele aldim,TRENDYOLMİLLA Siyah Eteği Volanlı A Kesim Şifon Midi Astarlı Dokuma Elbise TWOSS22EL00733
02 Haziran 2023,Bilgi mevcut değil,Bilgi mevcut değil,Bilgi mevcut değil,Buyuk oldu ıade ettım,TRENDYOLMİLLA Siyah Eteği Volanlı A Kesim Şifon Midi Astarlı Dokuma Elbise TWOSS22EL00733
02 Haziran 2023,Bilgi mevcut değil,Bilgi mevcut değil,Bilgi mevcut değil,"Kalıbı biraz pot durdu. iade ettim, ancak kolları filan çok şık",TRENDYOLMİLLA Siyah Eteği Volanlı A Kesim Şifon Midi Astarlı Dokuma Elbise TWOSS22EL00733
25 Mayıs 2023,Bilgi mevcut değil,Bilgi mevcut değil,Bilgi mevcut değil,kemer takarak kullandım 160/60 kiloyum duruşu bu şekilde gayet hoş,TRENDYOLMİLLA Siyah Eteği Volanlı A Kesim Şifon Midi Astarlı Dokuma Elbise TWOSS22EL00733
24 Mayıs 2023,Boy: 165cm,Kilo: 50kg,Bilgi mevcut değil,Kardeşim kendine aldı tam oldu çok güzel şık bir elbise,TRENDYOLMİLLA Siyah Eteği Volanlı A Kesim Şifon Midi Astarlı Dokuma Elbise TWOSS22EL00733
24 Mayıs 2023,Bilgi mevcut değil,Bilgi mevcut değil,Bilgi mevcut değil,Güzel durmadı iade,TRENDYOLMİLLA Siyah Eteği Volanlı A Kesim Şifon Midi Astarlı Dokuma Elbise TWOSS22EL00733
18 Mayıs 2023,Bilgi mevcut değil,Bilgi mevcut değil,Bilgi mevcut değil,Çok zarif bir elbise 65 kilo 1.60 boy 40 beden tam oldu paketleme de güzeldi,TRENDYOLMİLLA Siyah Eteği Volanlı A Kesim Şifon Midi Astarlı Dokuma Elbise TWOSS22EL00733
16 Mayıs 2023,Bilgi mevcut değil,Bilgi mevcut değil,Bilgi mevcut değil,güzel ve kullanışlı,TRENDYOLMİLLA Siyah Eteği Volanlı A Kesim Şifon Midi Astarlı Dokuma Elbise TWOSS22EL00733
13 Mayıs 2023,Bilgi mevcut değil,Bilgi mevcut değil,Bilgi mevcut değil,Güzel ürün,TRENDYOLMİLLA Siyah Eteği Volanlı A Kesim Şifon Midi Astarlı Dokuma Elbise TWOSS22EL00733
13 Mayıs 2023,Bilgi mevcut değil,Bilgi mevcut değil,Bilgi mevcut değil,Kaliteli mükemmel,TRENDYOLMİLLA Siyah Eteği Volanlı A Kesim Şifon Midi Astarlı Dokuma Elbise TWOSS22EL00733
11 Mayıs 2023,Bilgi mevcut değil,Bilgi mevcut değil,Bilgi mevcut değil,Göründüğü gibi çok güzel ve zarif. Hızlı kargo için teşekkür ederim,TRENDYOLMİLLA Siyah Eteği Volanlı A Kesim Şifon Midi Astarlı Dokuma Elbise TWOSS22EL00733
09 Mayıs 2023,Bilgi mevcut değil,Bilgi mevcut değil,Bilgi mevcut değil,dar kalıp bir beden büyük alınabilir,TRENDYOLMİLLA Siyah Eteği Volanlı A Kesim Şifon Midi Astarlı Dokuma Elbise TWOSS22EL00733
05 Mayıs 2023,Bilgi mevcut değil,Bilgi mevcut değil,Bilgi mevcut değil,Çok güzel bir elbiseee,TRENDYOLMİLLA Siyah Eteği Volanlı A Kesim Şifon Midi Astarlı Dokuma Elbise TWOSS22EL00733
05 Mayıs 2023,Bilgi mevcut değil,Bilgi mevcut değil,Bilgi mevcut değil,ürün güzel ancak 42 bedeni 38 40 gibi olmadı,TRENDYOLMİLLA Siyah Eteği Volanlı A Kesim Şifon Midi Astarlı Dokuma Elbise TWOSS22EL00733
04 Mayıs 2023,Bilgi mevcut değil,Bilgi mevcut değil,Bilgi mevcut değil,Beğendik aşırı hanımefendi birbelbise,TRENDYOLMİLLA Siyah Eteği Volanlı A Kesim Şifon Midi Astarlı Dokuma Elbise TWOSS22EL00733
03 Mayıs 2023,Boy: 168cm,Kilo: 58kg,Bilgi mevcut değil,40 beden sipariş verdim biraz büyük ama olsun bedenim 38 normalde yorumlara bakarak bir beden büyük aldım bence tam beden alınmalı,TRENDYOLMİLLA Siyah Eteği Volanlı A Kesim Şifon Midi Astarlı Dokuma Elbise TWOSS22EL00733
03 Mayıs 2023,Bilgi mevcut değil,Bilgi mevcut değil,Bilgi mevcut değil,Elbise gelseydi deneyimlerimizi yazacaktım ancak yolda gelirken geri gitti durumu anlamadım.,TRENDYOLMİLLA Siyah Eteği Volanlı A Kesim Şifon Midi Astarlı Dokuma Elbise TWOSS22EL00733
01 Mayıs 2023,Bilgi mevcut değil,Bilgi mevcut değil,Bilgi mevcut değil,Çok güzel elbise çok beğendim,TRENDYOLMİLLA Siyah Eteği Volanlı A Kesim Şifon Midi Astarlı Dokuma Elbise TWOSS22EL00733
27 Nisan 2023,Boy: 165cm,Kilo: 110kg,Bilgi mevcut değil,Elbise çok güzel bana dar geldiği için iade ettim ama kalitesi falan çok iyiydi,TRENDYOLMİLLA Siyah Eteği Volanlı A Kesim Şifon Midi Astarlı Dokuma Elbise TWOSS22EL00733
26 Nisan 2023,Bilgi mevcut değil,Bilgi mevcut değil,Bilgi mevcut değil,elbise okadar güzelki istediğim her yere uyuyor ve her yerde giyiyorum,TRENDYOLMİLLA Siyah Eteği Volanlı A Kesim Şifon Midi Astarlı Dokuma Elbise TWOSS22EL00733
26 Nisan 2023,Boy: 163cm,Kilo: 73kg,Bilgi mevcut değil,Çok güzel çokk kibar bir elbise. Bayramda giymek için aldım. Herkes bayıldı. Ben önce 40 beden aldım ama biraz dar oldu . 42 beden tam ve rahat oldu. 1.63 boy 73 kiloyum.,TRENDYOLMİLLA Siyah Eteği Volanlı A Kesim Şifon Midi Astarlı Dokuma Elbise TWOSS22EL00733
26 Nisan 2023,Bilgi mevcut değil,Bilgi mevcut değil,Bilgi mevcut değil,üzerinizde harika duran Bi elbise fiyatı da uygun hanım hanımcık çok şık Bi elbise,TRENDYOLMİLLA Siyah Eteği Volanlı A Kesim Şifon Midi Astarlı Dokuma Elbise TWOSS22EL00733
25 Nisan 2023,Bilgi mevcut değil,Bilgi mevcut değil,Bilgi mevcut değil,yegenlerim icin aldik. cok memnunlar. elbise tam kalip . kendi bedeninizi alabilirsiniz.,TRENDYOLMİLLA Siyah Eteği Volanlı A Kesim Şifon Midi Astarlı Dokuma Elbise TWOSS22EL00733
24 Nisan 2023,Bilgi mevcut değil,Bilgi mevcut değil,Bilgi mevcut değil,güzel bir elbise kargo da gecikmedi hep m beden giydiğim halde aşırı dar oldu.,TRENDYOLMİLLA Siyah Eteği Volanlı A Kesim Şifon Midi Astarlı Dokuma Elbise TWOSS22EL00733
23 Nisan 2023,Boy: 169cm,Kilo: 72kg,Bilgi mevcut değil,Çok şık bir elbise tercih edebilirsiniz,TRENDYOLMİLLA Siyah Eteği Volanlı A Kesim Şifon Midi Astarlı Dokuma Elbise TWOSS22EL00733
21 Nisan 2023,Bilgi mevcut değil,Bilgi mevcut değil,Bilgi mevcut değil,Çok güzel severek kullanıyorum,TRENDYOLMİLLA Siyah Eteği Volanlı A Kesim Şifon Midi Astarlı Dokuma Elbise TWOSS22EL00733
15 Nisan 2023,Bilgi mevcut değil,Bilgi mevcut değil,Bilgi mevcut değil,"Ürünü Perşembe ile Cuma günü arasında olan gecede sipariş ettim. Cuma günü öğleden sonra elimdeydi. İnanılmaz hızlı geldi, hala şaşkınım. Elbise çok güzel ben sevdim. Arkadaşımın düğünü için aldım. 1.60 boy 74 kiloyum 42 beden aldım tam oldu.",TRENDYOLMİLLA Siyah Eteği Volanlı A Kesim Şifon Midi Astarlı Dokuma Elbise TWOSS22EL00733
15 Nisan 2023,Bilgi mevcut değil,Bilgi mevcut değil,Bilgi mevcut değil,güzel ürün,TRENDYOLMİLLA Siyah Eteği Volanlı A Kesim Şifon Midi Astarlı Dokuma Elbise TWOSS22EL00733
08 Mayıs 2024,Boy: 165cm,Kilo: 60kg,Beden: 40,1.65 boy 60 kilo L beden büyük geldi. M daha iyi oturacak,TRENDYOLMİLLA Siyah Eteği Volanlı A Kesim Şifon Midi Astarlı Dokuma Elbise TWOSS22EL00733
25 Kasım 2023,Boy: 168cm,Kilo: 68kg,Beden: 34,güzel bir örün teşekkür ederim ☺️,TRENDYOLMİLLA Siyah Eteği Volanlı A Kesim Şifon Midi Astarlı Dokuma Elbise TWOSS22EL00733
05 Eylül 2023,Bilgi mevcut değil,Bilgi mevcut değil,Beden: 34,Güzel ürün,TRENDYOLMİLLA Siyah Eteği Volanlı A Kesim Şifon Midi Astarlı Dokuma Elbise TWOSS22EL00733
07 Ağustos 2023,Bilgi mevcut değil,Bilgi mevcut değil,Bilgi mevcut değil,teşekkür ederim,TRENDYOLMİLLA Siyah Eteği Volanlı A Kesim Şifon Midi Astarlı Dokuma Elbise TWOSS22EL00733
14 Temmuz 2023,Bilgi mevcut değil,Bilgi mevcut değil,Bilgi mevcut değil,Elbise çok güzel ama ya manken çok uzun yada ben çok kısayım. Gerçi boyum 1.70 ama elbise mankendekinden de uzun oldu beğenemedim o yüzden iade ettim,TRENDYOLMİLLA Siyah Eteği Volanlı A Kesim Şifon Midi Astarlı Dokuma Elbise TWOSS22EL00733
07 Temmuz 2023,Boy: 163cm,Kilo: 63kg,Bilgi mevcut değil,çok güzel ve zarif,TRENDYOLMİLLA Siyah Eteği Volanlı A Kesim Şifon Midi Astarlı Dokuma Elbise TWOSS22EL00733
27 Haziran 2023,Boy: 173cm,Kilo: 53kg,Bilgi mevcut değil,ürün çok güzel kalitesi duruşu yanlız bir beden büyük alınma ben 36 giyordum 38 aldım tam oldu teşekkür Trendyol.,TRENDYOLMİLLA Siyah Eteği Volanlı A Kesim Şifon Midi Astarlı Dokuma Elbise TWOSS22EL00733
26 Haziran 2023,Boy: 175cm,Kilo: 59kg,Bilgi mevcut değil,Ürünü çok beğendim,TRENDYOLMİLLA Siyah Eteği Volanlı A Kesim Şifon Midi Astarlı Dokuma Elbise TWOSS22EL00733
25 Haziran 2023,Boy: 155cm,Kilo: 75kg,Bilgi mevcut değil,Elbise güzel ancak beden küçül geldi üzülerek iade ettim.,TRENDYOLMİLLA Siyah Eteği Volanlı A Kesim Şifon Midi Astarlı Dokuma Elbise TWOSS22EL00733
23 Haziran 2023,Bilgi mevcut değil,Bilgi mevcut değil,Bilgi mevcut değil,hayatimda harcadigim en iyi 200 lira olabilir bu fiyata bu guzel durus ve kalite bayildim. harika bir elbise ben indirimden almistim ama bence bu fiyata da alinir cok naif her turlu ortamda giyilir muhtesemm,TRENDYOLMİLLA Siyah Eteği Volanlı A Kesim Şifon Midi Astarlı Dokuma Elbise TWOSS22EL00733
20 Haziran 2023,Bilgi mevcut değil,Bilgi mevcut değil,Bilgi mevcut değil,"Elbise güzel ama kalıbı çok dar 40 beden aldım 36 gibi geldi. Boyu 120 cm denmiş ama 106 cm, eni boyu küçük geldiği için üzülerek iade ediyorum",TRENDYOLMİLLA Siyah Eteği Volanlı A Kesim Şifon Midi Astarlı Dokuma Elbise TWOSS22EL00733
15 Haziran 2023,Boy: 152cm,Kilo: 54kg,Bilgi mevcut değil,çok kibar bir elbise aşırı hoşuma gitti eski zaman temalı bi parti için aldım çok güzel ya,TRENDYOLMİLLA Siyah Eteği Volanlı A Kesim Şifon Midi Astarlı Dokuma Elbise TWOSS22EL00733
14 Haziran 2023,Boy: 164cm,Kilo: 62kg,Bilgi mevcut değil,resimdekinin birebir aynısı geldi çok şık ve güzel tam beden alabilirsiniz,TRENDYOLMİLLA Siyah Eteği Volanlı A Kesim Şifon Midi Astarlı Dokuma Elbise TWOSS22EL00733
13 Haziran 2023,Boy: 164cm,Kilo: 74kg,Bilgi mevcut değil,Elbise çok güzel tam bedeninizi alın gayet hoş ve güzel duruyor.,TRENDYOLMİLLA Siyah Eteği Volanlı A Kesim Şifon Midi Astarlı Dokuma Elbise TWOSS22EL00733
10 Haziran 2023,Bilgi mevcut değil,Bilgi mevcut değil,Bilgi mevcut değil,160 65 kilo 42 beden aldım çok güzel tam oldu,TRENDYOLMİLLA Siyah Eteği Volanlı A Kesim Şifon Midi Astarlı Dokuma Elbise TWOSS22EL00733
09 Haziran 2023,Boy: 155cm,Kilo: 51kg,Bilgi mevcut değil,Anneme evde ki nişan için aldım 42 beden gayet güzel oldu 65 kilo boy 1.50,TRENDYOLMİLLA Siyah Eteği Volanlı A Kesim Şifon Midi Astarlı Dokuma Elbise TWOSS22EL00733
09 Haziran 2023,Boy: 175cm,Kilo: 75kg,Bilgi mevcut değil,Kalıbı güzel 👍🏻 tam bedeninizi tercih edebilirsiniz. 42 bedenim tam oldu,TRENDYOLMİLLA Siyah Eteği Volanlı A Kesim Şifon Midi Astarlı Dokuma Elbise TWOSS22EL00733
08 Haziran 2023,Bilgi mevcut değil,Bilgi mevcut değil,Bilgi mevcut değil,Elbise elime çok hızlı ulaştı oğlumun mezuniyet balosu için aldım. Çok kaliteli çok şık bir elbise. Verilen ölçülere göre alırsanız tam oluyor. iyi ki almışım. Kesinlikle tavsiyemdir.,TRENDYOLMİLLA Siyah Eteği Volanlı A Kesim Şifon Midi Astarlı Dokuma Elbise TWOSS22EL00733
07 Haziran 2023,Bilgi mevcut değil,Bilgi mevcut değil,Bilgi mevcut değil,"Ürün sorunsuz çok hızlı teslim edildi, teşekkür ederim. 1.60 boyunda 63,5 kiloda biri olarak başka markalarda 38 - 40 beden giyerken yorumlara bakarak 42 beden aldım ve tam oldu. Daha önce başka bir modelde aldığım 40 beden TRENDYOLMİLLA elbiseden de öğrendiğim üzere kalıplar dar ve mutlaka bir ya da iki beden büyüğü daha rahat oluyor.",TRENDYOLMİLLA Siyah Eteği Volanlı A Kesim Şifon Midi Astarlı Dokuma Elbise TWOSS22EL00733
07 Haziran 2023,Bilgi mevcut değil,Bilgi mevcut değil,Bilgi mevcut değil,elbise paketlemesi güzeldi ve kumaşı da güzel sağlam geldi .,TRENDYOLMİLLA Siyah Eteği Volanlı A Kesim Şifon Midi Astarlı Dokuma Elbise TWOSS22EL00733
06 Haziran 2023,Bilgi mevcut değil,Bilgi mevcut değil,Bilgi mevcut değil,Harika bir elbise bir akrabamizin düğününde giymek için aldım iyi ki almışım 155 boy 63 kilo ile 42 beden aldım üzerime dikilmiş gibi durdu teşekkür ederim,TRENDYOLMİLLA Siyah Eteği Volanlı A Kesim Şifon Midi Astarlı Dokuma Elbise TWOSS22EL00733
06 Haziran 2023,Bilgi mevcut değil,Bilgi mevcut değil,Bilgi mevcut değil,kalıbı duruşu harika,TRENDYOLMİLLA Siyah Eteği Volanlı A Kesim Şifon Midi Astarlı Dokuma Elbise TWOSS22EL00733
04 Haziran 2023,Bilgi mevcut değil,Bilgi mevcut değil,Beden: 42,"Çok zarif ve şık bir elbise, kalıbı bir tık dar, alırken bunu göz önünde bulundurmanızı öneririm.",TRENDYOLMİLLA Siyah Eteği Volanlı A Kesim Şifon Midi Astarlı Dokuma Elbise TWOSS22EL00733
04 Haziran 2023,Boy: 169cm,Kilo: 75kg,Bilgi mevcut değil,Beklediğimden daha kaliteli çıktı ürün,TRENDYOLMİLLA Siyah Eteği Volanlı A Kesim Şifon Midi Astarlı Dokuma Elbise TWOSS22EL00733
02 Haziran 2023,Bilgi mevcut değil,Bilgi mevcut değil,Bilgi mevcut değil,güzel bir elbise arkadaşımın nişanı için tercih ettim günü kurtardı,TRENDYOLMİLLA Siyah Eteği Volanlı A Kesim Şifon Midi Astarlı Dokuma Elbise TWOSS22EL00733
24 Mayıs 2023,Boy: 158cm,Kilo: 68kg,Bilgi mevcut değil,cok guzel geldi tesekkur ederim,TRENDYOLMİLLA Siyah Eteği Volanlı A Kesim Şifon Midi Astarlı Dokuma Elbise TWOSS22EL00733
19 Mayıs 2023,Bilgi mevcut değil,Bilgi mevcut değil,Bilgi mevcut değil,şık bir elbise ama bana uzun geldi boyum 1.57,TRENDYOLMİLLA Siyah Eteği Volanlı A Kesim Şifon Midi Astarlı Dokuma Elbise TWOSS22EL00733
14 Mayıs 2023,Bilgi mevcut değil,Bilgi mevcut değil,Bilgi mevcut değil,gayet şık oldu eşime rahat teşşekkür ederim,TRENDYOLMİLLA Siyah Eteği Volanlı A Kesim Şifon Midi Astarlı Dokuma Elbise TWOSS22EL00733
12 Mayıs 2023,Bilgi mevcut değil,Bilgi mevcut değil,Bilgi mevcut değil,Boyum 1.58 kilom 65 42 beden aldım tam oturdu.Kurtarıcı bir elbise,TRENDYOLMİLLA Siyah Eteği Volanlı A Kesim Şifon Midi Astarlı Dokuma Elbise TWOSS22EL00733
08 Mayıs 2023,Bilgi mevcut değil,Bilgi mevcut değil,Bilgi mevcut değil,Teşekkür ederim 🌻,TRENDYOLMİLLA Siyah Eteği Volanlı A Kesim Şifon Midi Astarlı Dokuma Elbise TWOSS22EL00733
26 Nisan 2023,Bilgi mevcut değil,Bilgi mevcut değil,Bilgi mevcut değil,ürün elime sağlam ulaştı 68 kiloyum L beden tam oldu,TRENDYOLMİLLA Siyah Eteği Volanlı A Kesim Şifon Midi Astarlı Dokuma Elbise TWOSS22EL00733
25 Aralık 2022,Bilgi mevcut değil,Bilgi mevcut değil,Beden: 42,174 boy 75 kilo 42 beden aldım süper durdu.İncecik gösteriyor.Boyu diz altımda kaldı.,TRENDYOLMİLLA Siyah Eteği Volanlı A Kesim Şifon Midi Astarlı Dokuma Elbise TWOSS22EL00733
16 Kasım 2022,Bilgi mevcut değil,Bilgi mevcut değil,Beden: 42,Elbise harika herkes çok beğendi. 1.70 boya 68 kilo böyle durdu. Kalıplar dar bir beden büyük alınmalı.,TRENDYOLMİLLA Siyah Eteği Volanlı A Kesim Şifon Midi Astarlı Dokuma Elbise TWOSS22EL00733
30 Ekim 2022,Bilgi mevcut değil,Bilgi mevcut değil,Beden: 38,"Sağlam geldi iyi paketlenmiş boyutu , vakumu gayet iyi. Teşekkür ederim.",TRENDYOLMİLLA Siyah Eteği Volanlı A Kesim Şifon Midi Astarlı Dokuma Elbise TWOSS22EL00733
20 Ekim 2022,Bilgi mevcut değil,Bilgi mevcut değil,Beden: 40,Çok güzel bir hediye oldu. Çok hızlı kargo. Teşekkür ederim,TRENDYOLMİLLA Siyah Eteği Volanlı A Kesim Şifon Midi Astarlı Dokuma Elbise TWOSS22EL00733
17 Ekim 2022,Bilgi mevcut değil,Bilgi mevcut değil,Beden: 38,klasik bir elbise,TRENDYOLMİLLA Siyah Eteği Volanlı A Kesim Şifon Midi Astarlı Dokuma Elbise TWOSS22EL00733
13 Ekim 2022,Bilgi mevcut değil,Bilgi mevcut değil,Beden: 38,elbise gerçketen üzerime tam oturdu çok rahat ve şık bir elbise,TRENDYOLMİLLA Siyah Eteği Volanlı A Kesim Şifon Midi Astarlı Dokuma Elbise TWOSS22EL00733
12 Ağustos 2022,Bilgi mevcut değil,Bilgi mevcut değil,Beden: 42,dün sipariş verdim bugün geldi. Çok teşekkür ederim.,TRENDYOLMİLLA Siyah Eteği Volanlı A Kesim Şifon Midi Astarlı Dokuma Elbise TWOSS22EL00733
11 Ağustos 2022,Bilgi mevcut değil,Bilgi mevcut değil,Beden: 40,kızıma aldım güzel sade ve şık bir elbise,TRENDYOLMİLLA Siyah Eteği Volanlı A Kesim Şifon Midi Astarlı Dokuma Elbise TWOSS22EL00733
10 Ağustos 2022,Bilgi mevcut değil,Bilgi mevcut değil,Beden: 38,Güzel sakin bir elbise çok sevdim,TRENDYOLMİLLA Siyah Eteği Volanlı A Kesim Şifon Midi Astarlı Dokuma Elbise TWOSS22EL00733
23 Temmuz 2022,Bilgi mevcut değil,Bilgi mevcut değil,Beden: 36,güzel ürün,TRENDYOLMİLLA Siyah Eteği Volanlı A Kesim Şifon Midi Astarlı Dokuma Elbise TWOSS22EL00733
21 Temmuz 2022,Bilgi mevcut değil,Bilgi mevcut değil,Beden: 40,her zaman kurtarıcı olacak bir elbise. fiyatı indirimde aldım memnunum.,TRENDYOLMİLLA Siyah Eteği Volanlı A Kesim Şifon Midi Astarlı Dokuma Elbise TWOSS22EL00733
19 Temmuz 2022,Bilgi mevcut değil,Bilgi mevcut değil,Beden: 40,"Güzel bir elbise, bedeni küçük geldiği için iade ettim, bir büyük bedeni gelince alacağım, teşekkür ederim trendyol, dikişler de bir sorun yok, satıcı firmayada teşekkür ederim.",TRENDYOLMİLLA Siyah Eteği Volanlı A Kesim Şifon Midi Astarlı Dokuma Elbise TWOSS22EL00733
19 Temmuz 2022,Bilgi mevcut değil,Bilgi mevcut değil,Beden: 40,57 kilo 1.59 boyundayım 38 beden sipariş verdim fakat çok dar oldu üstü kısmı özellikle iade ederek 40 beden aldim cok rahat oldu.Kesinlikle tavsiye ediyorum kurtarıcı parca.🌸👏,TRENDYOLMİLLA Siyah Eteği Volanlı A Kesim Şifon Midi Astarlı Dokuma Elbise TWOSS22EL00733
17 Temmuz 2022,Bilgi mevcut değil,Bilgi mevcut değil,Beden: 38,Boyum 1.68 mankendeki gibi dursaydı daha çok beğenecektim ama geri iade etmeyeceğim illa lazım olur,TRENDYOLMİLLA Siyah Eteği Volanlı A Kesim Şifon Midi Astarlı Dokuma Elbise TWOSS22EL00733
16 Temmuz 2022,Bilgi mevcut değil,Bilgi mevcut değil,Beden: 40,Şık bir ürün çok zarif sadece bedenleri sıkıntılı 40 sipariş verdim etiket 40 elbise 38 beden ama tam oldu.Kaliteli ve uygun fiyatlı,TRENDYOLMİLLA Siyah Eteği Volanlı A Kesim Şifon Midi Astarlı Dokuma Elbise TWOSS22EL00733
07 Temmuz 2022,Bilgi mevcut değil,Bilgi mevcut değil,Beden: 38,Kupon ile 110 liraya aldım çok zarif kurtarıcı bir elbise boy 170 kilo 58 M beden tam oldu,TRENDYOLMİLLA Siyah Eteği Volanlı A Kesim Şifon Midi Astarlı Dokuma Elbise TWOSS22EL00733
03 Temmuz 2022,Bilgi mevcut değil,Bilgi mevcut değil,Beden: 42,harika oldu tam kalıp teşekkürler beğenerek giyeceğim bu paraya çok iyi urun indirimden aldım birde kupon kullandım 109 tl ye geldi teşekkürler trendyolmilla,TRENDYOLMİLLA Siyah Eteği Volanlı A Kesim Şifon Midi Astarlı Dokuma Elbise TWOSS22EL00733
30 Haziran 2022,Bilgi mevcut değil,Bilgi mevcut değil,Beden: 38,Harika çok zarif bi elbise tam bedeninizi alın,TRENDYOLMİLLA Siyah Eteği Volanlı A Kesim Şifon Midi Astarlı Dokuma Elbise TWOSS22EL00733
27 Haziran 2022,Bilgi mevcut değil,Bilgi mevcut değil,Beden: 42,Çokk guzel Bi elbise beden 42 aldık fakat 38 beden gibi maalesef ondan dolayı iade ettim kargo süperr hızlı akşam söyledim sabah geldi teşekkür ederim,TRENDYOLMİLLA Siyah Eteği Volanlı A Kesim Şifon Midi Astarlı Dokuma Elbise TWOSS22EL00733
26 Haziran 2022,Bilgi mevcut değil,Bilgi mevcut değil,Beden: 38,çok kibar şık bir elbise çok beğendiğim oğlumun mezuniyet partisi için aldım 56 kilo ya 38 beden aldım çok ta güzel oldu arkadaşlarım çok beğendi,TRENDYOLMİLLA Siyah Eteği Volanlı A Kesim Şifon Midi Astarlı Dokuma Elbise TWOSS22EL00733
24 Haziran 2022,Bilgi mevcut değil,Bilgi mevcut değil,Beden: 42,çok zarif çok güzel bir elbise.. boyum 1.70 kilom 63 normalde 38 40 giyiyorum yorumlara bakarak 42 aldım ve tam oldu ne çok dar ne bol.. ben çok beğendim,TRENDYOLMİLLA Siyah Eteği Volanlı A Kesim Şifon Midi Astarlı Dokuma Elbise TWOSS22EL00733
24 Haziran 2022,Bilgi mevcut değil,Bilgi mevcut değil,Beden: 42,beğendim kurtarıcı bir elbise,TRENDYOLMİLLA Siyah Eteği Volanlı A Kesim Şifon Midi Astarlı Dokuma Elbise TWOSS22EL00733
23 Haziran 2022,Bilgi mevcut değil,Bilgi mevcut değil,Beden: 40,çok güzel abiye niyetine de giyilir. 170 boy 58 kiloya 38 dar geldi iade 40 tam uydu,TRENDYOLMİLLA Siyah Eteği Volanlı A Kesim Şifon Midi Astarlı Dokuma Elbise TWOSS22EL00733
23 Haziran 2022,Bilgi mevcut değil,Bilgi mevcut değil,Beden: 40,"Elbise çok güzel, modeli çok çok zarif. Kalıbı biraz dar gibi geldi bize. Ama model süper. Akşam sipariş verdik ertesi gün elimize ulaştı. Teşekkür ederiz Trendyolll",TRENDYOLMİLLA Siyah Eteği Volanlı A Kesim Şifon Midi Astarlı Dokuma Elbise TWOSS22EL00733
23 Haziran 2022,Bilgi mevcut değil,Bilgi mevcut değil,Beden: 42,Güzel elbise ama bir beden büyük alın,TRENDYOLMİLLA Siyah Eteği Volanlı A Kesim Şifon Midi Astarlı Dokuma Elbise TWOSS22EL00733
23 Haziran 2022,Bilgi mevcut değil,Bilgi mevcut değil,Beden: 38,"165 boy , 58 kilo 38 beden tam oldu , çok hoş zarif bir elbise",TRENDYOLMİLLA Siyah Eteği Volanlı A Kesim Şifon Midi Astarlı Dokuma Elbise TWOSS22EL00733
23 Haziran 2022,Bilgi mevcut değil,Bilgi mevcut değil,Beden: 40,"Zarif , harika.. Tavsiye ederim.. Rahat olsun derseniz bir beden büyük alın...Kalıp biraz dar ..",TRENDYOLMİLLA Siyah Eteği Volanlı A Kesim Şifon Midi Astarlı Dokuma Elbise TWOSS22EL00733
23 Haziran 2022,Bilgi mevcut değil,Bilgi mevcut değil,Beden: 40,Elbise guzel rahat tam beden alabilirsiniz sadrcr arka dikişte sorun var o yuzden 4 yildiz verdim,TRENDYOLMİLLA Siyah Eteği Volanlı A Kesim Şifon Midi Astarlı Dokuma Elbise TWOSS22EL00733
22 Haziran 2022,Bilgi mevcut değil,Bilgi mevcut değil,Beden: 40,güzel elbise,TRENDYOLMİLLA Siyah Eteği Volanlı A Kesim Şifon Midi Astarlı Dokuma Elbise TWOSS22EL00733
22 Haziran 2022,Bilgi mevcut değil,Bilgi mevcut değil,Beden: 42,Ürün çok güzel ama kalıbı küçük kesinlkşe 1 beden büyük alınmalı,TRENDYOLMİLLA Siyah Eteği Volanlı A Kesim Şifon Midi Astarlı Dokuma Elbise TWOSS22EL00733
22 Haziran 2022,Bilgi mevcut değil,Bilgi mevcut değil,Beden: 42,Kalıbı güzel fakat 1 beden büyüğünü alın göbek varsa,TRENDYOLMİLLA Siyah Eteği Volanlı A Kesim Şifon Midi Astarlı Dokuma Elbise TWOSS22EL00733
22 Haziran 2022,Bilgi mevcut değil,Bilgi mevcut değil,Beden: 40,ürün çok şık bedeninize göre alın ben çok beğendim,TRENDYOLMİLLA Siyah Eteği Volanlı A Kesim Şifon Midi Astarlı Dokuma Elbise TWOSS22EL00733
21 Haziran 2022,Bilgi mevcut değil,Bilgi mevcut değil,Beden: 42,üründe dikim hatası mevcut. Beden kalıbı kesinlikle 42 beden değil. Ayrıca ücret iadesi olan 50 TL'nin kartıma yansıtılmasını istiyoruz kupon olarak verilmesini kabul etmiyoruz.,TRENDYOLMİLLA Siyah Eteği Volanlı A Kesim Şifon Midi Astarlı Dokuma Elbise TWOSS22EL00733
21 Haziran 2022,Bilgi mevcut değil,Bilgi mevcut değil,Beden: 40,boyum 1.75 kilo 70 40 beden tam oldu esneyen bir kumaş değil bilginiz olsun ve zayıf gösteren şık bir elbise,TRENDYOLMİLLA Siyah Eteği Volanlı A Kesim Şifon Midi Astarlı Dokuma Elbise TWOSS22EL00733
21 Haziran 2022,Bilgi mevcut değil,Bilgi mevcut değil,Beden: 40,Fiat çok uygun ürün çok güzel tavsiye ederim,TRENDYOLMİLLA Siyah Eteği Volanlı A Kesim Şifon Midi Astarlı Dokuma Elbise TWOSS22EL00733
20 Haziran 2022,Bilgi mevcut değil,Bilgi mevcut değil,Beden: 42,fiyatina gore mukemmel bir elbise cok şık ve cok zarif duruyor bir beden buyuk aldim tam oldu kumasi kaliteside cok iyi tesekkurler trendyol,TRENDYOLMİLLA Siyah Eteği Volanlı A Kesim Şifon Midi Astarlı Dokuma Elbise TWOSS22EL00733
18 Haziran 2022,Bilgi mevcut değil,Bilgi mevcut değil,Beden: 42,Çok güzel alın alın alın çok zarif duruyor boy 170 kilo 75 42 aldım tam oluyor sadece belden oturtma olduğu için zor giyiliyor yoksa efsane 👌,TRENDYOLMİLLA Siyah Eteği Volanlı A Kesim Şifon Midi Astarlı Dokuma Elbise TWOSS22EL00733
17 Haziran 2022,Bilgi mevcut değil,Bilgi mevcut değil,Beden: 36,çok çok çok zarif.kendi bedeninizi almanızı öneririm.,TRENDYOLMİLLA Siyah Eteği Volanlı A Kesim Şifon Midi Astarlı Dokuma Elbise TWOSS22EL00733
16 Haziran 2022,Bilgi mevcut değil,Bilgi mevcut değil,Beden: 42,"Ürün gerçekten güzel lakin 1 beden büyük almama rağmen fermuarını kapatamadım. Fermuarı ince fermuarlardan ve dikiş yerinden başkasının yardımı olmadan ilerlemiyor. Tek yaşayan biriyim. Arkadaşımın nikahı için aldım ama arkasını kapatacak kimsem olmadığı için maalesef giyemeyeceğim. Onun dışında çok güzel. Bir gün arkasını kapatmama yardım edecek b
Devamını Oku",TRENDYOLMİLLA Siyah Eteği Volanlı A Kesim Şifon Midi Astarlı Dokuma Elbise TWOSS22EL00733
11 Haziran 2022,Bilgi mevcut değil,Bilgi mevcut değil,Beden: 36,Kizlar elbise yikiliyor alin aldirin. 1.60 boy 52 kilo 36 beden aldim belim ince oldugu icinn cokk hafif ama cok hfif bol oldu bayildim elbiseye ❤️❤️,TRENDYOLMİLLA Siyah Eteği Volanlı A Kesim Şifon Midi Astarlı Dokuma Elbise TWOSS22EL00733
08 Haziran 2022,Bilgi mevcut değil,Bilgi mevcut değil,Beden: 36,48kilo 36beden super ürün,TRENDYOLMİLLA Siyah Eteği Volanlı A Kesim Şifon Midi Astarlı Dokuma Elbise TWOSS22EL00733
07 Haziran 2022,Bilgi mevcut değil,Bilgi mevcut değil,Beden: 36,bayıldım 🌸🌸,TRENDYOLMİLLA Siyah Eteği Volanlı A Kesim Şifon Midi Astarlı Dokuma Elbise TWOSS22EL00733
06 Haziran 2022,Bilgi mevcut değil,Bilgi mevcut değil,Beden: 36,"158 boy ,47 kiloyum s beden tercih ettim oldu ,ürün harika sözüm için kullanacağım içiniz rahat alabilirsiniz :)2 gün önce sipariş ettim hemen teslim edildi satıcı ve kargo harika ✌️",TRENDYOLMİLLA Siyah Eteği Volanlı A Kesim Şifon Midi Astarlı Dokuma Elbise TWOSS22EL00733
25 Mayıs 2022,Bilgi mevcut değil,Bilgi mevcut değil,Beden: 38,İçinde astarı var günlük güzel bi elbise 1.60 boy 50 kilo 38 büyük geldi iade edip 36 alıcam,TRENDYOLMİLLA Siyah Eteği Volanlı A Kesim Şifon Midi Astarlı Dokuma Elbise TWOSS22EL00733
18 Mayıs 2022,Bilgi mevcut değil,Bilgi mevcut değil,Beden: 42,İndirimle 142 liraya aldım kumaşı dokusu gayet güzel.,TRENDYOLMİLLA Siyah Eteği Volanlı A Kesim Şifon Midi Astarlı Dokuma Elbise TWOSS22EL00733
14 Mayıs 2022,Bilgi mevcut değil,Bilgi mevcut değil,Beden: 40,Çok zarif bi elbise kuponla çok uyguna geldi 70 kiloyum 40 beden bi tık sıktı 42 alsam daha rahat olurdu,TRENDYOLMİLLA Siyah Eteği Volanlı A Kesim Şifon Midi Astarlı Dokuma Elbise TWOSS22EL00733
13 Mayıs 2022,Bilgi mevcut değil,Bilgi mevcut değil,Beden: 42,çeyizim için sipariş verdim 74 kiloyum 42 beden söyledim tam oldu. siyah güzel sade şifon bir elbise almak isteyen varsa bu fiyata kaçırmasın derim,TRENDYOLMİLLA Siyah Eteği Volanlı A Kesim Şifon Midi Astarlı Dokuma Elbise TWOSS22EL00733
12 Mayıs 2022,Bilgi mevcut değil,Bilgi mevcut değil,Beden: 38,Çok beğendim çok güzel bi ürün. 55 kilo 1.60 boy 38 beden tam oldu. 🤗,TRENDYOLMİLLA Siyah Eteği Volanlı A Kesim Şifon Midi Astarlı Dokuma Elbise TWOSS22EL00733
11 Mayıs 2022,Bilgi mevcut değil,Bilgi mevcut değil,Beden: 38,Elbise güzel ama kalıbı çok dar.1.62 boy 60 kilo m beden aldım aşırı dar oldu mecburen iade.,TRENDYOLMİLLA Siyah Eteği Volanlı A Kesim Şifon Midi Astarlı Dokuma Elbise TWOSS22EL00733
09 Mayıs 2022,Bilgi mevcut değil,Bilgi mevcut değil,Beden: 38,gayet güzel fiyatı da çok iyi. tam bedeninizi alabilirsiniz 163 boy 58 kilo 38 beden tam oldu. teşekkür ederim.,TRENDYOLMİLLA Siyah Eteği Volanlı A Kesim Şifon Midi Astarlı Dokuma Elbise TWOSS22EL00733
07 Mayıs 2022,Bilgi mevcut değil,Bilgi mevcut değil,Beden: 38,Elbise cok güzel kumaşı kaliteli baseni olanlar bir beden büyük alabilir 36 aldım olmadı 38 sipariş verdim,TRENDYOLMİLLA Siyah Eteği Volanlı A Kesim Şifon Midi Astarlı Dokuma Elbise TWOSS22EL00733
07 Ağustos 2024,Boy: 153cm,Kilo: 53kg,Beden: 34,Ürün göründüğü gibi ancak dikişleri çok kötü paketleme çok kötü geldi ancak kargo hızlıydı fiyatı hak etmiyor pazar malı,TRENDYOLMİLLA Siyah Eteği Volanlı A Kesim Şifon Midi Astarlı Dokuma Elbise TWOSS22EL00733
07 Ağustos 2024,Boy: 160cm,Kilo: 68kg,Beden: 42,elbisem göründüğü gibi geldi sorunsuz,TRENDYOLMİLLA Siyah Eteği Volanlı A Kesim Şifon Midi Astarlı Dokuma Elbise TWOSS22EL00733
29 Temmuz 2024,Boy: 160cm,Kilo: 52kg,Beden: 42,Elbise çok güzel ancak dikiş hatası var. İade edip tekrar alacağım,TRENDYOLMİLLA Siyah Eteği Volanlı A Kesim Şifon Midi Astarlı Dokuma Elbise TWOSS22EL00733
27 Temmuz 2024,Boy: 171cm,Kilo: 82kg,Beden: 44,rengi çok tatlı üzerinde çok güzel duruyor bayıldımmmmm o kadar dar değil normalde göğüs sıkıntısı çekerim ama olmadı 82 kilo boy 171,TRENDYOLMİLLA Siyah Eteği Volanlı A Kesim Şifon Midi Astarlı Dokuma Elbise TWOSS22EL00733
26 Temmuz 2024,Boy: 175cm,Kilo: 52kg,Beden: 42,annem için almıştım çok beğendi tam beden alınabilir çok tatlı bir elbise 🤍,TRENDYOLMİLLA Siyah Eteği Volanlı A Kesim Şifon Midi Astarlı Dokuma Elbise TWOSS22EL00733
26 Temmuz 2024,Boy: 183cm,Kilo: 93kg,Beden: 44,"Bu elbisenin kırmızısını severek kullandığımdan siyahını almak istedim, model olarak çok zarif sade şık bir elbise fakat dikişleri problemli. Sırt fermuar dikişleri yamuk. Fermuarın alt başlangıcı sol üst son kısmı sağa doğru ilerliyor. Cemiyet için alacaksacanız eğer tek seçenek bu elbise olmasın benim gibi zora düşmeyin.",TRENDYOLMİLLA Siyah Eteği Volanlı A Kesim Şifon Midi Astarlı Dokuma Elbise TWOSS22EL00733
24 Temmuz 2024,Boy: 163cm,Kilo: 60kg,Beden: 40,Ürünüm hatalı geldi ve kendime yakıştıramadım,TRENDYOLMİLLA Siyah Eteği Volanlı A Kesim Şifon Midi Astarlı Dokuma Elbise TWOSS22EL00733
23 Temmuz 2024,Boy: 170cm,Kilo: 65kg,Beden: 40,yırtık geldi iade,TRENDYOLMİLLA Siyah Eteği Volanlı A Kesim Şifon Midi Astarlı Dokuma Elbise TWOSS22EL00733
10 Temmuz 2024,Bilgi mevcut değil,Bilgi mevcut değil,Beden: 44,kolları çok uzun duruyor ve bedeni küçük geldi o yüzden iade ettim,TRENDYOLMİLLA Siyah Eteği Volanlı A Kesim Şifon Midi Astarlı Dokuma Elbise TWOSS22EL00733
12 Haziran 2024,Bilgi mevcut değil,Bilgi mevcut değil,Beden: 38,Kenarında çıkıntı gibi bir şey vardı ve kalıbı dar beğenmedim iade maalesef,TRENDYOLMİLLA Siyah Eteği Volanlı A Kesim Şifon Midi Astarlı Dokuma Elbise TWOSS22EL00733
27 Mayıs 2024,Bilgi mevcut değil,Bilgi mevcut değil,Beden: 42,dikişleri bi tuhaf. Ne düz ne yamuk gibi. düzeltiyorum önden düzeliyor arkadan yamuluyor,TRENDYOLMİLLA Siyah Eteği Volanlı A Kesim Şifon Midi Astarlı Dokuma Elbise TWOSS22EL00733
22 Mayıs 2024,Bilgi mevcut değil,Bilgi mevcut değil,Beden: 38,"kalça kenarlarında dikiş hataları var. bedeni sorunlu, normalde M beden giyiyorum aşırı geniş oldu. kumaşı ve duruşu hiç iyi değil, sırf üşendiğimden iade etmiyorum.",TRENDYOLMİLLA Siyah Eteği Volanlı A Kesim Şifon Midi Astarlı Dokuma Elbise TWOSS22EL00733
07 Mayıs 2024,Boy: 162cm,Kilo: 50kg,Beden: 36,mezuniyet için b planı olsun diye almıştım ve hiç beklentim yoktu ama aldığım asıl elbiseden çok daha güzel bunu giyicem cidden bu kadar güzel beklemiyodum düşünmeden alabilirsinizz,TRENDYOLMİLLA Siyah Eteği Volanlı A Kesim Şifon Midi Astarlı Dokuma Elbise TWOSS22EL00733
03 Mayıs 2024,Boy: 164cm,Kilo: 65kg,Beden: 42,Omuz kısmı geniş olan kişiler 1 beden büyük almalı çünkü kalıbı dar kesim . Kumaş kalitesi fena değil,TRENDYOLMİLLA Siyah Eteği Volanlı A Kesim Şifon Midi Astarlı Dokuma Elbise TWOSS22EL00733
11 Kasım 2023,Boy: 161cm,Kilo: 69kg,Beden: 42,dikişleri kalitesi çok kötü iade,TRENDYOLMİLLA Siyah Eteği Volanlı A Kesim Şifon Midi Astarlı Dokuma Elbise TWOSS22EL00733
05 Kasım 2023,Boy: 165cm,Kilo: 63kg,Beden: 40,Şık bi elbise,TRENDYOLMİLLA Siyah Eteği Volanlı A Kesim Şifon Midi Astarlı Dokuma Elbise TWOSS22EL00733
01 Kasım 2023,Boy: 169cm,Kilo: 59kg,Beden: 40,Fena değil,TRENDYOLMİLLA Siyah Eteği Volanlı A Kesim Şifon Midi Astarlı Dokuma Elbise TWOSS22EL00733
18 Ekim 2023,Boy: 165cm,Kilo: 75kg,Beden: 42,Dar kalıbı var kumaşını çok beğenmedim pamuklu değil,TRENDYOLMİLLA Siyah Eteği Volanlı A Kesim Şifon Midi Astarlı Dokuma Elbise TWOSS22EL00733
09 Ekim 2023,Boy: 172cm,Kilo: 55kg,Beden: 36,çok çok güzel çok şık,TRENDYOLMİLLA Siyah Eteği Volanlı A Kesim Şifon Midi Astarlı Dokuma Elbise TWOSS22EL00733
06 Ekim 2023,Boy: 158cm,Kilo: 60kg,Beden: 40,ben çok beğendim satıcıya teşekkür ederim 💖,TRENDYOLMİLLA Siyah Eteği Volanlı A Kesim Şifon Midi Astarlı Dokuma Elbise TWOSS22EL00733
06 Ekim 2023,Boy: 175cm,Kilo: 85kg,Beden: 40,Harika ürün,TRENDYOLMİLLA Siyah Eteği Volanlı A Kesim Şifon Midi Astarlı Dokuma Elbise TWOSS22EL00733
02 Ekim 2023,Bilgi mevcut değil,Bilgi mevcut değil,Bilgi mevcut değil,Aşırı güzel bir elbise vücütta da güzel duruyor ama bana büyük geldiği için iade ettim.,TRENDYOLMİLLA Siyah Eteği Volanlı A Kesim Şifon Midi Astarlı Dokuma Elbise TWOSS22EL00733
25 Eylül 2023,Bilgi mevcut değil,Bilgi mevcut değil,Beden: 40,güzel ürün,TRENDYOLMİLLA Siyah Eteği Volanlı A Kesim Şifon Midi Astarlı Dokuma Elbise TWOSS22EL00733
05 Ağustos 2023,Boy: 160cm,Kilo: 59kg,Bilgi mevcut değil,çok beğenerek giydim 59 kiloya m beden tam oldu,TRENDYOLMİLLA Siyah Eteği Volanlı A Kesim Şifon Midi Astarlı Dokuma Elbise TWOSS22EL00733
26 Temmuz 2023,Bilgi mevcut değil,Bilgi mevcut değil,Bilgi mevcut değil,elbise güzel ama çok dar kalıp 160 boy 68 kiloyum L beden almama rağmen s beden gibi dar geldi malesef iade,TRENDYOLMİLLA Siyah Eteği Volanlı A Kesim Şifon Midi Astarlı Dokuma Elbise TWOSS22EL00733
22 Temmuz 2023,Bilgi mevcut değil,Bilgi mevcut değil,Bilgi mevcut değil,ürünüm bir gün sonra teslim edildi hızlı teslimat için teşekkür ederim,TRENDYOLMİLLA Siyah Eteği Volanlı A Kesim Şifon Midi Astarlı Dokuma Elbise TWOSS22EL00733
09 Temmuz 2023,Boy: 178cm,Kilo: 92kg,Bilgi mevcut değil,ürün beden konusunda 1beden büyük alınmalı. duruşu çok kibar fiyat performans ürünü,TRENDYOLMİLLA Siyah Eteği Volanlı A Kesim Şifon Midi Astarlı Dokuma Elbise TWOSS22EL00733
29 Haziran 2023,Boy: 168cm,Kilo: 72kg,Bilgi mevcut değil,Kalıbı dar iade ettim,TRENDYOLMİLLA Siyah Eteği Volanlı A Kesim Şifon Midi Astarlı Dokuma Elbise TWOSS22EL00733
28 Haziran 2023,Bilgi mevcut değil,Bilgi mevcut değil,Bilgi mevcut değil,fıyatına gore guzel,TRENDYOLMİLLA Siyah Eteği Volanlı A Kesim Şifon Midi Astarlı Dokuma Elbise TWOSS22EL00733
27 Haziran 2023,Bilgi mevcut değil,Bilgi mevcut değil,Bilgi mevcut değil,çok güzel ve şık tavsiye ederim,TRENDYOLMİLLA Siyah Eteği Volanlı A Kesim Şifon Midi Astarlı Dokuma Elbise TWOSS22EL00733
27 Haziran 2023,Boy: 168cm,Kilo: 69kg,Bilgi mevcut değil,Çok güzel bi elbise. Tam beden alabilirsiniz.,TRENDYOLMİLLA Siyah Eteği Volanlı A Kesim Şifon Midi Astarlı Dokuma Elbise TWOSS22EL00733
26 Haziran 2023,Boy: 167cm,Kilo: 67kg,Bilgi mevcut değil,Anneme aldım 156 boy 65 kilo,TRENDYOLMİLLA Siyah Eteği Volanlı A Kesim Şifon Midi Astarlı Dokuma Elbise TWOSS22EL00733
24 Haziran 2023,Bilgi mevcut değil,Bilgi mevcut değil,Bilgi mevcut değil,ürün çok güzel geldi çok beğendim fakat bana olmadı oyuzden geri iade etmek zorunda kaldım ve bu durumdan ötürü üzüldüm 44 bedeni olsaydı degistirecektim ama 😔,TRENDYOLMİLLA Siyah Eteği Volanlı A Kesim Şifon Midi Astarlı Dokuma Elbise TWOSS22EL00733
24 Haziran 2023,Boy: 173cm,Kilo: 57kg,Bilgi mevcut değil,boy 162 kilo 64 38 beden tam oldu .,TRENDYOLMİLLA Siyah Eteği Volanlı A Kesim Şifon Midi Astarlı Dokuma Elbise TWOSS22EL00733
24 Haziran 2023,Bilgi mevcut değil,Bilgi mevcut değil,Bilgi mevcut değil,Kargo çok hızlı ürün çok güzel tam bedeninizi alabilirsiniz,TRENDYOLMİLLA Siyah Eteği Volanlı A Kesim Şifon Midi Astarlı Dokuma Elbise TWOSS22EL00733
23 Haziran 2023,Bilgi mevcut değil,Bilgi mevcut değil,Bilgi mevcut değil,anneme aldım çok zarif bir beden büyük tercih edilebilir,TRENDYOLMİLLA Siyah Eteği Volanlı A Kesim Şifon Midi Astarlı Dokuma Elbise TWOSS22EL00733
21 Haziran 2023,Boy: 162cm,Kilo: 52kg,Bilgi mevcut değil,beğendim boy 1.62 kilo 52 duruşu böyle,TRENDYOLMİLLA Siyah Eteği Volanlı A Kesim Şifon Midi Astarlı Dokuma Elbise TWOSS22EL00733
20 Haziran 2023,Bilgi mevcut değil,Bilgi mevcut değil,Bilgi mevcut değil,şık bir elbise ancak bir beden büyük alınmalı,TRENDYOLMİLLA Siyah Eteği Volanlı A Kesim Şifon Midi Astarlı Dokuma Elbise TWOSS22EL00733
20 Haziran 2023,Bilgi mevcut değil,Bilgi mevcut değil,Bilgi mevcut değil,fena değil..,TRENDYOLMİLLA Siyah Eteği Volanlı A Kesim Şifon Midi Astarlı Dokuma Elbise TWOSS22EL00733
19 Haziran 2023,Boy: 168cm,Kilo: 70kg,Bilgi mevcut değil,70 kilo 1.67 boyundayım. 40 beden aldım gayet güzel oldu. çok memnun kaldım,TRENDYOLMİLLA Siyah Eteği Volanlı A Kesim Şifon Midi Astarlı Dokuma Elbise TWOSS22EL00733
17 Haziran 2023,Boy: 163cm,Kilo: 60kg,Bilgi mevcut değil,Ürün güzel ama dikiş hataları var sürekli yukarı toparlanma yapıyor tül kısmı iade ettim,TRENDYOLMİLLA Siyah Eteği Volanlı A Kesim Şifon Midi Astarlı Dokuma Elbise TWOSS22EL00733
17 Haziran 2023,Bilgi mevcut değil,Bilgi mevcut değil,Bilgi mevcut değil,Ürünü aldım kargo ve paketleme gayet güzel teşekkürler,TRENDYOLMİLLA Siyah Eteği Volanlı A Kesim Şifon Midi Astarlı Dokuma Elbise TWOSS22EL00733
17 Haziran 2023,Bilgi mevcut değil,Bilgi mevcut değil,Bilgi mevcut değil,"çok zarif duran bir elbise ,tam beden",TRENDYOLMİLLA Siyah Eteği Volanlı A Kesim Şifon Midi Astarlı Dokuma Elbise TWOSS22EL00733
16 Haziran 2023,Bilgi mevcut değil,Bilgi mevcut değil,Bilgi mevcut değil,kalıbı dar,TRENDYOLMİLLA Siyah Eteği Volanlı A Kesim Şifon Midi Astarlı Dokuma Elbise TWOSS22EL00733
15 Haziran 2023,Boy: 160cm,Kilo: 48kg,Bilgi mevcut değil,Güzel şık begendim,TRENDYOLMİLLA Siyah Eteği Volanlı A Kesim Şifon Midi Astarlı Dokuma Elbise TWOSS22EL00733
15 Haziran 2023,Boy: 168cm,Kilo: 74kg,Bilgi mevcut değil,Çok beğendim,TRENDYOLMİLLA Siyah Eteği Volanlı A Kesim Şifon Midi Astarlı Dokuma Elbise TWOSS22EL00733
15 Haziran 2023,Bilgi mevcut değil,Bilgi mevcut değil,Bilgi mevcut değil,Beden olmadı,TRENDYOLMİLLA Siyah Eteği Volanlı A Kesim Şifon Midi Astarlı Dokuma Elbise TWOSS22EL00733
15 Haziran 2023,Boy: 164cm,Kilo: 51kg,Bilgi mevcut değil,güzel ama bi tarafın dikişini yanlış yapmışlar ona göre alın,TRENDYOLMİLLA Siyah Eteği Volanlı A Kesim Şifon Midi Astarlı Dokuma Elbise TWOSS22EL00733
15 Haziran 2023,Bilgi mevcut değil,Bilgi mevcut değil,Bilgi mevcut değil,cenaze için ideal bi seçim,TRENDYOLMİLLA Siyah Eteği Volanlı A Kesim Şifon Midi Astarlı Dokuma Elbise TWOSS22EL00733
14 Haziran 2023,Bilgi mevcut değil,Bilgi mevcut değil,Bilgi mevcut değil,"Çok güzel ve rahat her yere giyilebilir, bir beden büyük alınabilir.",TRENDYOLMİLLA Siyah Eteği Volanlı A Kesim Şifon Midi Astarlı Dokuma Elbise TWOSS22EL00733
14 Haziran 2023,Bilgi mevcut değil,Bilgi mevcut değil,Bilgi mevcut değil,inanılmaz güzel kalıp tam beden 🥰,TRENDYOLMİLLA Siyah Eteği Volanlı A Kesim Şifon Midi Astarlı Dokuma Elbise TWOSS22EL00733
13 Haziran 2023,Bilgi mevcut değil,Bilgi mevcut değil,Bilgi mevcut değil,"Elbise çok güzel, biraz kalıbı dar",TRENDYOLMİLLA Siyah Eteği Volanlı A Kesim Şifon Midi Astarlı Dokuma Elbise TWOSS22EL00733
13 Haziran 2023,Boy: 160cm,Kilo: 70kg,Bilgi mevcut değil,Model olarak çok güzel bir beden büyük tercih edebilirsiniz dar kalıp,TRENDYOLMİLLA Siyah Eteği Volanlı A Kesim Şifon Midi Astarlı Dokuma Elbise TWOSS22EL00733
13 Haziran 2023,Bilgi mevcut değil,Bilgi mevcut değil,Bilgi mevcut değil,Kalını dar bir beden büyük aldım onun dışında duruşu çok güzel iç göstermiyor rahatça giyebileceğiniz bir elbise,TRENDYOLMİLLA Siyah Eteği Volanlı A Kesim Şifon Midi Astarlı Dokuma Elbise TWOSS22EL00733
12 Haziran 2023,Bilgi mevcut değil,Bilgi mevcut değil,Bilgi mevcut değil,beklediğimden çok daha güzel durdu kesinlikle. fiyat performans ürünü,TRENDYOLMİLLA Siyah Eteği Volanlı A Kesim Şifon Midi Astarlı Dokuma Elbise TWOSS22EL00733
11 Haziran 2023,Bilgi mevcut değil,Bilgi mevcut değil,Bilgi mevcut değil,bayıldım gerçekten hem kumaşı hem duruşu harika,TRENDYOLMİLLA Siyah Eteği Volanlı A Kesim Şifon Midi Astarlı Dokuma Elbise TWOSS22EL00733
10 Haziran 2023,Boy: 155cm,Kilo: 65kg,Bilgi mevcut değil,bedeni küçük oldu iade ettim ama çok güzel elbise,TRENDYOLMİLLA Siyah Eteği Volanlı A Kesim Şifon Midi Astarlı Dokuma Elbise TWOSS22EL00733
10 Haziran 2023,Boy: 160cm,Kilo: 64kg,Bilgi mevcut değil,Bir 160 boy 64 kg tam oldu kumaşı fermuar dikimi güzeldi ben önüne ince bir taş yaptım daha şık durdu hafif bol olmasını istiyorduk hafif bol oldu,TRENDYOLMİLLA Siyah Eteği Volanlı A Kesim Şifon Midi Astarlı Dokuma Elbise TWOSS22EL00733
10 Haziran 2023,Bilgi mevcut değil,Bilgi mevcut değil,Bilgi mevcut değil,Ürün çok güzel eğer üstüne ze oturmasini istiyorsanız bi beden küçük alın süper duruyo baya beğendim 3 günde elime ulaştı baya şık bı elbise 42 kg 1.54 beden uzerimdeki 34 (XS) beden,TRENDYOLMİLLA Siyah Eteği Volanlı A Kesim Şifon Midi Astarlı Dokuma Elbise TWOSS22EL00733
09 Haziran 2023,Boy: 155cm,Kilo: 42kg,Bilgi mevcut değil,muhteşem teşekkürler,TRENDYOLMİLLA Siyah Eteği Volanlı A Kesim Şifon Midi Astarlı Dokuma Elbise TWOSS22EL00733
09 Haziran 2023,Boy: 168cm,Kilo: 61kg,Bilgi mevcut değil,elbise çok zarif kumaşı da çok iyi,TRENDYOLMİLLA Siyah Eteği Volanlı A Kesim Şifon Midi Astarlı Dokuma Elbise TWOSS22EL00733
08 Haziran 2023,Bilgi mevcut değil,Bilgi mevcut değil,Bilgi mevcut değil,elbise tam oldu çok güzel bayıldım,TRENDYOLMİLLA Siyah Eteği Volanlı A Kesim Şifon Midi Astarlı Dokuma Elbise TWOSS22EL00733
08 Haziran 2023,Bilgi mevcut değil,Bilgi mevcut değil,Bilgi mevcut değil,kalitesine bayıldım,TRENDYOLMİLLA Siyah Eteği Volanlı A Kesim Şifon Midi Astarlı Dokuma Elbise TWOSS22EL00733
08 Haziran 2023,Boy: 165cm,Kilo: 55kg,Bilgi mevcut değil,ürün güzel ben geç sipariş ettim 3gunde geldi ben elbiseyi bu kadar uzun olcagini zanetmedim ama yine bu fiyata göre mükemmel 1beden büyük alinmali,TRENDYOLMİLLA Siyah Eteği Volanlı A Kesim Şifon Midi Astarlı Dokuma Elbise TWOSS22EL00733
07 Haziran 2023,Boy: 165cm,Kilo: 55kg,Bilgi mevcut değil,Süper bi elbise kesinlikle tavsiye ediyorum,TRENDYOLMİLLA Siyah Eteği Volanlı A Kesim Şifon Midi Astarlı Dokuma Elbise TWOSS22EL00733
06 Haziran 2023,Boy: 155cm,Kilo: 55kg,Bilgi mevcut değil,Çok zarif ve şık bir elbise. 1.58 55 kilo 38 beden tam oldu.,TRENDYOLMİLLA Siyah Eteği Volanlı A Kesim Şifon Midi Astarlı Dokuma Elbise TWOSS22EL00733
06 Haziran 2023,Bilgi mevcut değil,Bilgi mevcut değil,Bilgi mevcut değil,Anneme aldım düğünde giyecek çok güzel bir model bayıldık,TRENDYOLMİLLA Siyah Eteği Volanlı A Kesim Şifon Midi Astarlı Dokuma Elbise TWOSS22EL00733
06 Haziran 2023,Boy: 155cm,Kilo: 65kg,Bilgi mevcut değil,Severek giyiniyorum,TRENDYOLMİLLA Siyah Eteği Volanlı A Kesim Şifon Midi Astarlı Dokuma Elbise TWOSS22EL00733
04 Haziran 2023,Bilgi mevcut değil,Bilgi mevcut değil,Bilgi mevcut değil,163 boy 63 kiloyum 38 bedeni biraz sıktı 40 bedende bol oldu belden üstüm daha incedir ama kumaşı duruşu falan güzel,TRENDYOLMİLLA Siyah Eteği Volanlı A Kesim Şifon Midi Astarlı Dokuma Elbise TWOSS22EL00733
04 Haziran 2023,Bilgi mevcut değil,Bilgi mevcut değil,Bilgi mevcut değil,cok güzel cok beğendim,TRENDYOLMİLLA Siyah Eteği Volanlı A Kesim Şifon Midi Astarlı Dokuma Elbise TWOSS22EL00733
02 Haziran 2023,Boy: 158cm,Kilo: 75kg,Bilgi mevcut değil,Çok kullanişli harika bir ürün giy özel güne git ardaşın düğüne nişana özel güne mis gibi boneonun tavsiyele aldim,TRENDYOLMİLLA Siyah Eteği Volanlı A Kesim Şifon Midi Astarlı Dokuma Elbise TWOSS22EL00733
02 Haziran 2023,Bilgi mevcut değil,Bilgi mevcut değil,Bilgi mevcut değil,Buyuk oldu ıade ettım,TRENDYOLMİLLA Siyah Eteği Volanlı A Kesim Şifon Midi Astarlı Dokuma Elbise TWOSS22EL00733
02 Haziran 2023,Bilgi mevcut değil,Bilgi mevcut değil,Bilgi mevcut değil,"Kalıbı biraz pot durdu. iade ettim, ancak kolları filan çok şık",TRENDYOLMİLLA Siyah Eteği Volanlı A Kesim Şifon Midi Astarlı Dokuma Elbise TWOSS22EL00733
25 Mayıs 2023,Bilgi mevcut değil,Bilgi mevcut değil,Bilgi mevcut değil,kemer takarak kullandım 160/60 kiloyum duruşu bu şekilde gayet hoş,TRENDYOLMİLLA Siyah Eteği Volanlı A Kesim Şifon Midi Astarlı Dokuma Elbise TWOSS22EL00733
24 Mayıs 2023,Boy: 165cm,Kilo: 50kg,Bilgi mevcut değil,Kardeşim kendine aldı tam oldu çok güzel şık bir elbise,TRENDYOLMİLLA Siyah Eteği Volanlı A Kesim Şifon Midi Astarlı Dokuma Elbise TWOSS22EL00733
24 Mayıs 2023,Bilgi mevcut değil,Bilgi mevcut değil,Bilgi mevcut değil,Güzel durmadı iade,TRENDYOLMİLLA Siyah Eteği Volanlı A Kesim Şifon Midi Astarlı Dokuma Elbise TWOSS22EL00733
18 Mayıs 2023,Bilgi mevcut değil,Bilgi mevcut değil,Bilgi mevcut değil,Çok zarif bir elbise 65 kilo 1.60 boy 40 beden tam oldu paketleme de güzeldi,TRENDYOLMİLLA Siyah Eteği Volanlı A Kesim Şifon Midi Astarlı Dokuma Elbise TWOSS22EL00733
16 Mayıs 2023,Bilgi mevcut değil,Bilgi mevcut değil,Bilgi mevcut değil,güzel ve kullanışlı,TRENDYOLMİLLA Siyah Eteği Volanlı A Kesim Şifon Midi Astarlı Dokuma Elbise TWOSS22EL00733
13 Mayıs 2023,Bilgi mevcut değil,Bilgi mevcut değil,Bilgi mevcut değil,Güzel ürün,TRENDYOLMİLLA Siyah Eteği Volanlı A Kesim Şifon Midi Astarlı Dokuma Elbise TWOSS22EL00733
13 Mayıs 2023,Bilgi mevcut değil,Bilgi mevcut değil,Bilgi mevcut değil,Kaliteli mükemmel,TRENDYOLMİLLA Siyah Eteği Volanlı A Kesim Şifon Midi Astarlı Dokuma Elbise TWOSS22EL00733
11 Mayıs 2023,Bilgi mevcut değil,Bilgi mevcut değil,Bilgi mevcut değil,Göründüğü gibi çok güzel ve zarif. Hızlı kargo için teşekkür ederim,TRENDYOLMİLLA Siyah Eteği Volanlı A Kesim Şifon Midi Astarlı Dokuma Elbise TWOSS22EL00733
09 Mayıs 2023,Bilgi mevcut değil,Bilgi mevcut değil,Bilgi mevcut değil,dar kalıp bir beden büyük alınabilir,TRENDYOLMİLLA Siyah Eteği Volanlı A Kesim Şifon Midi Astarlı Dokuma Elbise TWOSS22EL00733
05 Mayıs 2023,Bilgi mevcut değil,Bilgi mevcut değil,Bilgi mevcut değil,Çok güzel bir elbiseee,TRENDYOLMİLLA Siyah Eteği Volanlı A Kesim Şifon Midi Astarlı Dokuma Elbise TWOSS22EL00733
05 Mayıs 2023,Bilgi mevcut değil,Bilgi mevcut değil,Bilgi mevcut değil,ürün güzel ancak 42 bedeni 38 40 gibi olmadı,TRENDYOLMİLLA Siyah Eteği Volanlı A Kesim Şifon Midi Astarlı Dokuma Elbise TWOSS22EL00733
04 Mayıs 2023,Bilgi mevcut değil,Bilgi mevcut değil,Bilgi mevcut değil,Beğendik aşırı hanımefendi birbelbise,TRENDYOLMİLLA Siyah Eteği Volanlı A Kesim Şifon Midi Astarlı Dokuma Elbise TWOSS22EL00733
03 Mayıs 2023,Boy: 168cm,Kilo: 58kg,Bilgi mevcut değil,40 beden sipariş verdim biraz büyük ama olsun bedenim 38 normalde yorumlara bakarak bir beden büyük aldım bence tam beden alınmalı,TRENDYOLMİLLA Siyah Eteği Volanlı A Kesim Şifon Midi Astarlı Dokuma Elbise TWOSS22EL00733
03 Mayıs 2023,Bilgi mevcut değil,Bilgi mevcut değil,Bilgi mevcut değil,Elbise gelseydi deneyimlerimizi yazacaktım ancak yolda gelirken geri gitti durumu anlamadım.,TRENDYOLMİLLA Siyah Eteği Volanlı A Kesim Şifon Midi Astarlı Dokuma Elbise TWOSS22EL00733
01 Mayıs 2023,Bilgi mevcut değil,Bilgi mevcut değil,Bilgi mevcut değil,Çok güzel elbise çok beğendim,TRENDYOLMİLLA Siyah Eteği Volanlı A Kesim Şifon Midi Astarlı Dokuma Elbise TWOSS22EL00733
27 Nisan 2023,Boy: 165cm,Kilo: 110kg,Bilgi mevcut değil,Elbise çok güzel bana dar geldiği için iade ettim ama kalitesi falan çok iyiydi,TRENDYOLMİLLA Siyah Eteği Volanlı A Kesim Şifon Midi Astarlı Dokuma Elbise TWOSS22EL00733
26 Nisan 2023,Bilgi mevcut değil,Bilgi mevcut değil,Bilgi mevcut değil,elbise okadar güzelki istediğim her yere uyuyor ve her yerde giyiyorum,TRENDYOLMİLLA Siyah Eteği Volanlı A Kesim Şifon Midi Astarlı Dokuma Elbise TWOSS22EL00733
26 Nisan 2023,Boy: 163cm,Kilo: 73kg,Bilgi mevcut değil,Çok güzel çokk kibar bir elbise. Bayramda giymek için aldım. Herkes bayıldı. Ben önce 40 beden aldım ama biraz dar oldu . 42 beden tam ve rahat oldu. 1.63 boy 73 kiloyum.,TRENDYOLMİLLA Siyah Eteği Volanlı A Kesim Şifon Midi Astarlı Dokuma Elbise TWOSS22EL00733
26 Nisan 2023,Bilgi mevcut değil,Bilgi mevcut değil,Bilgi mevcut değil,üzerinizde harika duran Bi elbise fiyatı da uygun hanım hanımcık çok şık Bi elbise,TRENDYOLMİLLA Siyah Eteği Volanlı A Kesim Şifon Midi Astarlı Dokuma Elbise TWOSS22EL00733
25 Nisan 2023,Bilgi mevcut değil,Bilgi mevcut değil,Bilgi mevcut değil,yegenlerim icin aldik. cok memnunlar. elbise tam kalip . kendi bedeninizi alabilirsiniz.,TRENDYOLMİLLA Siyah Eteği Volanlı A Kesim Şifon Midi Astarlı Dokuma Elbise TWOSS22EL00733
24 Nisan 2023,Bilgi mevcut değil,Bilgi mevcut değil,Bilgi mevcut değil,güzel bir elbise kargo da gecikmedi hep m beden giydiğim halde aşırı dar oldu.,TRENDYOLMİLLA Siyah Eteği Volanlı A Kesim Şifon Midi Astarlı Dokuma Elbise TWOSS22EL00733
23 Nisan 2023,Boy: 169cm,Kilo: 72kg,Bilgi mevcut değil,Çok şık bir elbise tercih edebilirsiniz,TRENDYOLMİLLA Siyah Eteği Volanlı A Kesim Şifon Midi Astarlı Dokuma Elbise TWOSS22EL00733
21 Nisan 2023,Bilgi mevcut değil,Bilgi mevcut değil,Bilgi mevcut değil,Çok güzel severek kullanıyorum,TRENDYOLMİLLA Siyah Eteği Volanlı A Kesim Şifon Midi Astarlı Dokuma Elbise TWOSS22EL00733
15 Nisan 2023,Bilgi mevcut değil,Bilgi mevcut değil,Bilgi mevcut değil,"Ürünü Perşembe ile Cuma günü arasında olan gecede sipariş ettim. Cuma günü öğleden sonra elimdeydi. İnanılmaz hızlı geldi, hala şaşkınım. Elbise çok güzel ben sevdim. Arkadaşımın düğünü için aldım. 1.60 boy 74 kiloyum 42 beden aldım tam oldu.",TRENDYOLMİLLA Siyah Eteği Volanlı A Kesim Şifon Midi Astarlı Dokuma Elbise TWOSS22EL00733
15 Nisan 2023,Bilgi mevcut değil,Bilgi mevcut değil,Bilgi mevcut değil,güzel ürün,TRENDYOLMİLLA Siyah Eteği Volanlı A Kesim Şifon Midi Astarlı Dokuma Elbise TWOSS22EL00733
08 Mayıs 2024,Boy: 165cm,Kilo: 60kg,Beden: 40,1.65 boy 60 kilo L beden büyük geldi. M daha iyi oturacak,TRENDYOLMİLLA Siyah Eteği Volanlı A Kesim Şifon Midi Astarlı Dokuma Elbise TWOSS22EL00733
25 Kasım 2023,Boy: 168cm,Kilo: 68kg,Beden: 34,güzel bir örün teşekkür ederim ☺️,TRENDYOLMİLLA Siyah Eteği Volanlı A Kesim Şifon Midi Astarlı Dokuma Elbise TWOSS22EL00733
05 Eylül 2023,Bilgi mevcut değil,Bilgi mevcut değil,Beden: 34,Güzel ürün,TRENDYOLMİLLA Siyah Eteği Volanlı A Kesim Şifon Midi Astarlı Dokuma Elbise TWOSS22EL00733
07 Ağustos 2023,Bilgi mevcut değil,Bilgi mevcut değil,Bilgi mevcut değil,teşekkür ederim,TRENDYOLMİLLA Siyah Eteği Volanlı A Kesim Şifon Midi Astarlı Dokuma Elbise TWOSS22EL00733
14 Temmuz 2023,Bilgi mevcut değil,Bilgi mevcut değil,Bilgi mevcut değil,Elbise çok güzel ama ya manken çok uzun yada ben çok kısayım. Gerçi boyum 1.70 ama elbise mankendekinden de uzun oldu beğenemedim o yüzden iade ettim,TRENDYOLMİLLA Siyah Eteği Volanlı A Kesim Şifon Midi Astarlı Dokuma Elbise TWOSS22EL00733
07 Temmuz 2023,Boy: 163cm,Kilo: 63kg,Bilgi mevcut değil,çok güzel ve zarif,TRENDYOLMİLLA Siyah Eteği Volanlı A Kesim Şifon Midi Astarlı Dokuma Elbise TWOSS22EL00733
27 Haziran 2023,Boy: 173cm,Kilo: 53kg,Bilgi mevcut değil,ürün çok güzel kalitesi duruşu yanlız bir beden büyük alınma ben 36 giyordum 38 aldım tam oldu teşekkür Trendyol.,TRENDYOLMİLLA Siyah Eteği Volanlı A Kesim Şifon Midi Astarlı Dokuma Elbise TWOSS22EL00733
26 Haziran 2023,Boy: 175cm,Kilo: 59kg,Bilgi mevcut değil,Ürünü çok beğendim,TRENDYOLMİLLA Siyah Eteği Volanlı A Kesim Şifon Midi Astarlı Dokuma Elbise TWOSS22EL00733
25 Haziran 2023,Boy: 155cm,Kilo: 75kg,Bilgi mevcut değil,Elbise güzel ancak beden küçül geldi üzülerek iade ettim.,TRENDYOLMİLLA Siyah Eteği Volanlı A Kesim Şifon Midi Astarlı Dokuma Elbise TWOSS22EL00733
23 Haziran 2023,Bilgi mevcut değil,Bilgi mevcut değil,Bilgi mevcut değil,hayatimda harcadigim en iyi 200 lira olabilir bu fiyata bu guzel durus ve kalite bayildim. harika bir elbise ben indirimden almistim ama bence bu fiyata da alinir cok naif her turlu ortamda giyilir muhtesemm,TRENDYOLMİLLA Siyah Eteği Volanlı A Kesim Şifon Midi Astarlı Dokuma Elbise TWOSS22EL00733
20 Haziran 2023,Bilgi mevcut değil,Bilgi mevcut değil,Bilgi mevcut değil,"Elbise güzel ama kalıbı çok dar 40 beden aldım 36 gibi geldi. Boyu 120 cm denmiş ama 106 cm, eni boyu küçük geldiği için üzülerek iade ediyorum",TRENDYOLMİLLA Siyah Eteği Volanlı A Kesim Şifon Midi Astarlı Dokuma Elbise TWOSS22EL00733
15 Haziran 2023,Boy: 152cm,Kilo: 54kg,Bilgi mevcut değil,çok kibar bir elbise aşırı hoşuma gitti eski zaman temalı bi parti için aldım çok güzel ya,TRENDYOLMİLLA Siyah Eteği Volanlı A Kesim Şifon Midi Astarlı Dokuma Elbise TWOSS22EL00733
14 Haziran 2023,Boy: 164cm,Kilo: 62kg,Bilgi mevcut değil,resimdekinin birebir aynısı geldi çok şık ve güzel tam beden alabilirsiniz,TRENDYOLMİLLA Siyah Eteği Volanlı A Kesim Şifon Midi Astarlı Dokuma Elbise TWOSS22EL00733
13 Haziran 2023,Boy: 164cm,Kilo: 74kg,Bilgi mevcut değil,Elbise çok güzel tam bedeninizi alın gayet hoş ve güzel duruyor.,TRENDYOLMİLLA Siyah Eteği Volanlı A Kesim Şifon Midi Astarlı Dokuma Elbise TWOSS22EL00733
10 Haziran 2023,Bilgi mevcut değil,Bilgi mevcut değil,Bilgi mevcut değil,160 65 kilo 42 beden aldım çok güzel tam oldu,TRENDYOLMİLLA Siyah Eteği Volanlı A Kesim Şifon Midi Astarlı Dokuma Elbise TWOSS22EL00733
09 Haziran 2023,Boy: 155cm,Kilo: 51kg,Bilgi mevcut değil,Anneme evde ki nişan için aldım 42 beden gayet güzel oldu 65 kilo boy 1.50,TRENDYOLMİLLA Siyah Eteği Volanlı A Kesim Şifon Midi Astarlı Dokuma Elbise TWOSS22EL00733
09 Haziran 2023,Boy: 175cm,Kilo: 75kg,Bilgi mevcut değil,Kalıbı güzel 👍🏻 tam bedeninizi tercih edebilirsiniz. 42 bedenim tam oldu,TRENDYOLMİLLA Siyah Eteği Volanlı A Kesim Şifon Midi Astarlı Dokuma Elbise TWOSS22EL00733
08 Haziran 2023,Bilgi mevcut değil,Bilgi mevcut değil,Bilgi mevcut değil,Elbise elime çok hızlı ulaştı oğlumun mezuniyet balosu için aldım. Çok kaliteli çok şık bir elbise. Verilen ölçülere göre alırsanız tam oluyor. iyi ki almışım. Kesinlikle tavsiyemdir.,TRENDYOLMİLLA Siyah Eteği Volanlı A Kesim Şifon Midi Astarlı Dokuma Elbise TWOSS22EL00733
07 Haziran 2023,Bilgi mevcut değil,Bilgi mevcut değil,Bilgi mevcut değil,"Ürün sorunsuz çok hızlı teslim edildi, teşekkür ederim. 1.60 boyunda 63,5 kiloda biri olarak başka markalarda 38 - 40 beden giyerken yorumlara bakarak 42 beden aldım ve tam oldu. Daha önce başka bir modelde aldığım 40 beden TRENDYOLMİLLA elbiseden de öğrendiğim üzere kalıplar dar ve mutlaka bir ya da iki beden büyüğü daha rahat oluyor.",TRENDYOLMİLLA Siyah Eteği Volanlı A Kesim Şifon Midi Astarlı Dokuma Elbise TWOSS22EL00733
07 Haziran 2023,Bilgi mevcut değil,Bilgi mevcut değil,Bilgi mevcut değil,elbise paketlemesi güzeldi ve kumaşı da güzel sağlam geldi .,TRENDYOLMİLLA Siyah Eteği Volanlı A Kesim Şifon Midi Astarlı Dokuma Elbise TWOSS22EL00733
06 Haziran 2023,Bilgi mevcut değil,Bilgi mevcut değil,Bilgi mevcut değil,Harika bir elbise bir akrabamizin düğününde giymek için aldım iyi ki almışım 155 boy 63 kilo ile 42 beden aldım üzerime dikilmiş gibi durdu teşekkür ederim,TRENDYOLMİLLA Siyah Eteği Volanlı A Kesim Şifon Midi Astarlı Dokuma Elbise TWOSS22EL00733
06 Haziran 2023,Bilgi mevcut değil,Bilgi mevcut değil,Bilgi mevcut değil,kalıbı duruşu harika,TRENDYOLMİLLA Siyah Eteği Volanlı A Kesim Şifon Midi Astarlı Dokuma Elbise TWOSS22EL00733
04 Haziran 2023,Bilgi mevcut değil,Bilgi mevcut değil,Beden: 42,"Çok zarif ve şık bir elbise, kalıbı bir tık dar, alırken bunu göz önünde bulundurmanızı öneririm.",TRENDYOLMİLLA Siyah Eteği Volanlı A Kesim Şifon Midi Astarlı Dokuma Elbise TWOSS22EL00733
04 Haziran 2023,Boy: 169cm,Kilo: 75kg,Bilgi mevcut değil,Beklediğimden daha kaliteli çıktı ürün,TRENDYOLMİLLA Siyah Eteği Volanlı A Kesim Şifon Midi Astarlı Dokuma Elbise TWOSS22EL00733
02 Haziran 2023,Bilgi mevcut değil,Bilgi mevcut değil,Bilgi mevcut değil,güzel bir elbise arkadaşımın nişanı için tercih ettim günü kurtardı,TRENDYOLMİLLA Siyah Eteği Volanlı A Kesim Şifon Midi Astarlı Dokuma Elbise TWOSS22EL00733
24 Mayıs 2023,Boy: 158cm,Kilo: 68kg,Bilgi mevcut değil,cok guzel geldi tesekkur ederim,TRENDYOLMİLLA Siyah Eteği Volanlı A Kesim Şifon Midi Astarlı Dokuma Elbise TWOSS22EL00733
19 Mayıs 2023,Bilgi mevcut değil,Bilgi mevcut değil,Bilgi mevcut değil,şık bir elbise ama bana uzun geldi boyum 1.57,TRENDYOLMİLLA Siyah Eteği Volanlı A Kesim Şifon Midi Astarlı Dokuma Elbise TWOSS22EL00733
14 Mayıs 2023,Bilgi mevcut değil,Bilgi mevcut değil,Bilgi mevcut değil,gayet şık oldu eşime rahat teşşekkür ederim,TRENDYOLMİLLA Siyah Eteği Volanlı A Kesim Şifon Midi Astarlı Dokuma Elbise TWOSS22EL00733
12 Mayıs 2023,Bilgi mevcut değil,Bilgi mevcut değil,Bilgi mevcut değil,Boyum 1.58 kilom 65 42 beden aldım tam oturdu.Kurtarıcı bir elbise,TRENDYOLMİLLA Siyah Eteği Volanlı A Kesim Şifon Midi Astarlı Dokuma Elbise TWOSS22EL00733
08 Mayıs 2023,Bilgi mevcut değil,Bilgi mevcut değil,Bilgi mevcut değil,Teşekkür ederim 🌻,TRENDYOLMİLLA Siyah Eteği Volanlı A Kesim Şifon Midi Astarlı Dokuma Elbise TWOSS22EL00733
26 Nisan 2023,Bilgi mevcut değil,Bilgi mevcut değil,Bilgi mevcut değil,ürün elime sağlam ulaştı 68 kiloyum L beden tam oldu,TRENDYOLMİLLA Siyah Eteği Volanlı A Kesim Şifon Midi Astarlı Dokuma Elbise TWOSS22EL00733
25 Aralık 2022,Bilgi mevcut değil,Bilgi mevcut değil,Beden: 42,174 boy 75 kilo 42 beden aldım süper durdu.İncecik gösteriyor.Boyu diz altımda kaldı.,TRENDYOLMİLLA Siyah Eteği Volanlı A Kesim Şifon Midi Astarlı Dokuma Elbise TWOSS22EL00733
16 Kasım 2022,Bilgi mevcut değil,Bilgi mevcut değil,Beden: 42,Elbise harika herkes çok beğendi. 1.70 boya 68 kilo böyle durdu. Kalıplar dar bir beden büyük alınmalı.,TRENDYOLMİLLA Siyah Eteği Volanlı A Kesim Şifon Midi Astarlı Dokuma Elbise TWOSS22EL00733
30 Ekim 2022,Bilgi mevcut değil,Bilgi mevcut değil,Beden: 38,"Sağlam geldi iyi paketlenmiş boyutu , vakumu gayet iyi. Teşekkür ederim.",TRENDYOLMİLLA Siyah Eteği Volanlı A Kesim Şifon Midi Astarlı Dokuma Elbise TWOSS22EL00733
20 Ekim 2022,Bilgi mevcut değil,Bilgi mevcut değil,Beden: 40,Çok güzel bir hediye oldu. Çok hızlı kargo. Teşekkür ederim,TRENDYOLMİLLA Siyah Eteği Volanlı A Kesim Şifon Midi Astarlı Dokuma Elbise TWOSS22EL00733
17 Ekim 2022,Bilgi mevcut değil,Bilgi mevcut değil,Beden: 38,klasik bir elbise,TRENDYOLMİLLA Siyah Eteği Volanlı A Kesim Şifon Midi Astarlı Dokuma Elbise TWOSS22EL00733
13 Ekim 2022,Bilgi mevcut değil,Bilgi mevcut değil,Beden: 38,elbise gerçketen üzerime tam oturdu çok rahat ve şık bir elbise,TRENDYOLMİLLA Siyah Eteği Volanlı A Kesim Şifon Midi Astarlı Dokuma Elbise TWOSS22EL00733
12 Ağustos 2022,Bilgi mevcut değil,Bilgi mevcut değil,Beden: 42,dün sipariş verdim bugün geldi. Çok teşekkür ederim.,TRENDYOLMİLLA Siyah Eteği Volanlı A Kesim Şifon Midi Astarlı Dokuma Elbise TWOSS22EL00733
11 Ağustos 2022,Bilgi mevcut değil,Bilgi mevcut değil,Beden: 40,kızıma aldım güzel sade ve şık bir elbise,TRENDYOLMİLLA Siyah Eteği Volanlı A Kesim Şifon Midi Astarlı Dokuma Elbise TWOSS22EL00733
10 Ağustos 2022,Bilgi mevcut değil,Bilgi mevcut değil,Beden: 38,Güzel sakin bir elbise çok sevdim,TRENDYOLMİLLA Siyah Eteği Volanlı A Kesim Şifon Midi Astarlı Dokuma Elbise TWOSS22EL00733
23 Temmuz 2022,Bilgi mevcut değil,Bilgi mevcut değil,Beden: 36,güzel ürün,TRENDYOLMİLLA Siyah Eteği Volanlı A Kesim Şifon Midi Astarlı Dokuma Elbise TWOSS22EL00733
21 Temmuz 2022,Bilgi mevcut değil,Bilgi mevcut değil,Beden: 40,her zaman kurtarıcı olacak bir elbise. fiyatı indirimde aldım memnunum.,TRENDYOLMİLLA Siyah Eteği Volanlı A Kesim Şifon Midi Astarlı Dokuma Elbise TWOSS22EL00733
19 Temmuz 2022,Bilgi mevcut değil,Bilgi mevcut değil,Beden: 40,"Güzel bir elbise, bedeni küçük geldiği için iade ettim, bir büyük bedeni gelince alacağım, teşekkür ederim trendyol, dikişler de bir sorun yok, satıcı firmayada teşekkür ederim.",TRENDYOLMİLLA Siyah Eteği Volanlı A Kesim Şifon Midi Astarlı Dokuma Elbise TWOSS22EL00733
19 Temmuz 2022,Bilgi mevcut değil,Bilgi mevcut değil,Beden: 40,57 kilo 1.59 boyundayım 38 beden sipariş verdim fakat çok dar oldu üstü kısmı özellikle iade ederek 40 beden aldim cok rahat oldu.Kesinlikle tavsiye ediyorum kurtarıcı parca.🌸👏,TRENDYOLMİLLA Siyah Eteği Volanlı A Kesim Şifon Midi Astarlı Dokuma Elbise TWOSS22EL00733
17 Temmuz 2022,Bilgi mevcut değil,Bilgi mevcut değil,Beden: 38,Boyum 1.68 mankendeki gibi dursaydı daha çok beğenecektim ama geri iade etmeyeceğim illa lazım olur,TRENDYOLMİLLA Siyah Eteği Volanlı A Kesim Şifon Midi Astarlı Dokuma Elbise TWOSS22EL00733
16 Temmuz 2022,Bilgi mevcut değil,Bilgi mevcut değil,Beden: 40,Şık bir ürün çok zarif sadece bedenleri sıkıntılı 40 sipariş verdim etiket 40 elbise 38 beden ama tam oldu.Kaliteli ve uygun fiyatlı,TRENDYOLMİLLA Siyah Eteği Volanlı A Kesim Şifon Midi Astarlı Dokuma Elbise TWOSS22EL00733
07 Temmuz 2022,Bilgi mevcut değil,Bilgi mevcut değil,Beden: 38,Kupon ile 110 liraya aldım çok zarif kurtarıcı bir elbise boy 170 kilo 58 M beden tam oldu,TRENDYOLMİLLA Siyah Eteği Volanlı A Kesim Şifon Midi Astarlı Dokuma Elbise TWOSS22EL00733
03 Temmuz 2022,Bilgi mevcut değil,Bilgi mevcut değil,Beden: 42,harika oldu tam kalıp teşekkürler beğenerek giyeceğim bu paraya çok iyi urun indirimden aldım birde kupon kullandım 109 tl ye geldi teşekkürler trendyolmilla,TRENDYOLMİLLA Siyah Eteği Volanlı A Kesim Şifon Midi Astarlı Dokuma Elbise TWOSS22EL00733
30 Haziran 2022,Bilgi mevcut değil,Bilgi mevcut değil,Beden: 38,Harika çok zarif bi elbise tam bedeninizi alın,TRENDYOLMİLLA Siyah Eteği Volanlı A Kesim Şifon Midi Astarlı Dokuma Elbise TWOSS22EL00733
27 Haziran 2022,Bilgi mevcut değil,Bilgi mevcut değil,Beden: 42,Çokk guzel Bi elbise beden 42 aldık fakat 38 beden gibi maalesef ondan dolayı iade ettim kargo süperr hızlı akşam söyledim sabah geldi teşekkür ederim,TRENDYOLMİLLA Siyah Eteği Volanlı A Kesim Şifon Midi Astarlı Dokuma Elbise TWOSS22EL00733
26 Haziran 2022,Bilgi mevcut değil,Bilgi mevcut değil,Beden: 38,çok kibar şık bir elbise çok beğendiğim oğlumun mezuniyet partisi için aldım 56 kilo ya 38 beden aldım çok ta güzel oldu arkadaşlarım çok beğendi,TRENDYOLMİLLA Siyah Eteği Volanlı A Kesim Şifon Midi Astarlı Dokuma Elbise TWOSS22EL00733
24 Haziran 2022,Bilgi mevcut değil,Bilgi mevcut değil,Beden: 42,çok zarif çok güzel bir elbise.. boyum 1.70 kilom 63 normalde 38 40 giyiyorum yorumlara bakarak 42 aldım ve tam oldu ne çok dar ne bol.. ben çok beğendim,TRENDYOLMİLLA Siyah Eteği Volanlı A Kesim Şifon Midi Astarlı Dokuma Elbise TWOSS22EL00733
24 Haziran 2022,Bilgi mevcut değil,Bilgi mevcut değil,Beden: 42,beğendim kurtarıcı bir elbise,TRENDYOLMİLLA Siyah Eteği Volanlı A Kesim Şifon Midi Astarlı Dokuma Elbise TWOSS22EL00733
23 Haziran 2022,Bilgi mevcut değil,Bilgi mevcut değil,Beden: 40,çok güzel abiye niyetine de giyilir. 170 boy 58 kiloya 38 dar geldi iade 40 tam uydu,TRENDYOLMİLLA Siyah Eteği Volanlı A Kesim Şifon Midi Astarlı Dokuma Elbise TWOSS22EL00733
23 Haziran 2022,Bilgi mevcut değil,Bilgi mevcut değil,Beden: 40,"Elbise çok güzel, modeli çok çok zarif. Kalıbı biraz dar gibi geldi bize. Ama model süper. Akşam sipariş verdik ertesi gün elimize ulaştı. Teşekkür ederiz Trendyolll",TRENDYOLMİLLA Siyah Eteği Volanlı A Kesim Şifon Midi Astarlı Dokuma Elbise TWOSS22EL00733
23 Haziran 2022,Bilgi mevcut değil,Bilgi mevcut değil,Beden: 42,Güzel elbise ama bir beden büyük alın,TRENDYOLMİLLA Siyah Eteği Volanlı A Kesim Şifon Midi Astarlı Dokuma Elbise TWOSS22EL00733
23 Haziran 2022,Bilgi mevcut değil,Bilgi mevcut değil,Beden: 38,"165 boy , 58 kilo 38 beden tam oldu , çok hoş zarif bir elbise",TRENDYOLMİLLA Siyah Eteği Volanlı A Kesim Şifon Midi Astarlı Dokuma Elbise TWOSS22EL00733
23 Haziran 2022,Bilgi mevcut değil,Bilgi mevcut değil,Beden: 40,"Zarif , harika.. Tavsiye ederim.. Rahat olsun derseniz bir beden büyük alın...Kalıp biraz dar ..",TRENDYOLMİLLA Siyah Eteği Volanlı A Kesim Şifon Midi Astarlı Dokuma Elbise TWOSS22EL00733
23 Haziran 2022,Bilgi mevcut değil,Bilgi mevcut değil,Beden: 40,Elbise guzel rahat tam beden alabilirsiniz sadrcr arka dikişte sorun var o yuzden 4 yildiz verdim,TRENDYOLMİLLA Siyah Eteği Volanlı A Kesim Şifon Midi Astarlı Dokuma Elbise TWOSS22EL00733
22 Haziran 2022,Bilgi mevcut değil,Bilgi mevcut değil,Beden: 40,güzel elbise,TRENDYOLMİLLA Siyah Eteği Volanlı A Kesim Şifon Midi Astarlı Dokuma Elbise TWOSS22EL00733
22 Haziran 2022,Bilgi mevcut değil,Bilgi mevcut değil,Beden: 42,Ürün çok güzel ama kalıbı küçük kesinlkşe 1 beden büyük alınmalı,TRENDYOLMİLLA Siyah Eteği Volanlı A Kesim Şifon Midi Astarlı Dokuma Elbise TWOSS22EL00733
22 Haziran 2022,Bilgi mevcut değil,Bilgi mevcut değil,Beden: 42,Kalıbı güzel fakat 1 beden büyüğünü alın göbek varsa,TRENDYOLMİLLA Siyah Eteği Volanlı A Kesim Şifon Midi Astarlı Dokuma Elbise TWOSS22EL00733
22 Haziran 2022,Bilgi mevcut değil,Bilgi mevcut değil,Beden: 40,ürün çok şık bedeninize göre alın ben çok beğendim,TRENDYOLMİLLA Siyah Eteği Volanlı A Kesim Şifon Midi Astarlı Dokuma Elbise TWOSS22EL00733
21 Haziran 2022,Bilgi mevcut değil,Bilgi mevcut değil,Beden: 42,üründe dikim hatası mevcut. Beden kalıbı kesinlikle 42 beden değil. Ayrıca ücret iadesi olan 50 TL'nin kartıma yansıtılmasını istiyoruz kupon olarak verilmesini kabul etmiyoruz.,TRENDYOLMİLLA Siyah Eteği Volanlı A Kesim Şifon Midi Astarlı Dokuma Elbise TWOSS22EL00733
21 Haziran 2022,Bilgi mevcut değil,Bilgi mevcut değil,Beden: 40,boyum 1.75 kilo 70 40 beden tam oldu esneyen bir kumaş değil bilginiz olsun ve zayıf gösteren şık bir elbise,TRENDYOLMİLLA Siyah Eteği Volanlı A Kesim Şifon Midi Astarlı Dokuma Elbise TWOSS22EL00733
21 Haziran 2022,Bilgi mevcut değil,Bilgi mevcut değil,Beden: 40,Fiat çok uygun ürün çok güzel tavsiye ederim,TRENDYOLMİLLA Siyah Eteği Volanlı A Kesim Şifon Midi Astarlı Dokuma Elbise TWOSS22EL00733
20 Haziran 2022,Bilgi mevcut değil,Bilgi mevcut değil,Beden: 42,fiyatina gore mukemmel bir elbise cok şık ve cok zarif duruyor bir beden buyuk aldim tam oldu kumasi kaliteside cok iyi tesekkurler trendyol,TRENDYOLMİLLA Siyah Eteği Volanlı A Kesim Şifon Midi Astarlı Dokuma Elbise TWOSS22EL00733
18 Haziran 2022,Bilgi mevcut değil,Bilgi mevcut değil,Beden: 42,Çok güzel alın alın alın çok zarif duruyor boy 170 kilo 75 42 aldım tam oluyor sadece belden oturtma olduğu için zor giyiliyor yoksa efsane 👌,TRENDYOLMİLLA Siyah Eteği Volanlı A Kesim Şifon Midi Astarlı Dokuma Elbise TWOSS22EL00733
17 Haziran 2022,Bilgi mevcut değil,Bilgi mevcut değil,Beden: 36,çok çok çok zarif.kendi bedeninizi almanızı öneririm.,TRENDYOLMİLLA Siyah Eteği Volanlı A Kesim Şifon Midi Astarlı Dokuma Elbise TWOSS22EL00733
16 Haziran 2022,Bilgi mevcut değil,Bilgi mevcut değil,Beden: 42,"Ürün gerçekten güzel lakin 1 beden büyük almama rağmen fermuarını kapatamadım. Fermuarı ince fermuarlardan ve dikiş yerinden başkasının yardımı olmadan ilerlemiyor. Tek yaşayan biriyim. Arkadaşımın nikahı için aldım ama arkasını kapatacak kimsem olmadığı için maalesef giyemeyeceğim. Onun dışında çok güzel. Bir gün arkasını kapatmama yardım edecek b
Devamını Oku",TRENDYOLMİLLA Siyah Eteği Volanlı A Kesim Şifon Midi Astarlı Dokuma Elbise TWOSS22EL00733
11 Haziran 2022,Bilgi mevcut değil,Bilgi mevcut değil,Beden: 36,Kizlar elbise yikiliyor alin aldirin. 1.60 boy 52 kilo 36 beden aldim belim ince oldugu icinn cokk hafif ama cok hfif bol oldu bayildim elbiseye ❤️❤️,TRENDYOLMİLLA Siyah Eteği Volanlı A Kesim Şifon Midi Astarlı Dokuma Elbise TWOSS22EL00733
08 Haziran 2022,Bilgi mevcut değil,Bilgi mevcut değil,Beden: 36,48kilo 36beden super ürün,TRENDYOLMİLLA Siyah Eteği Volanlı A Kesim Şifon Midi Astarlı Dokuma Elbise TWOSS22EL00733
07 Haziran 2022,Bilgi mevcut değil,Bilgi mevcut değil,Beden: 36,bayıldım 🌸🌸,TRENDYOLMİLLA Siyah Eteği Volanlı A Kesim Şifon Midi Astarlı Dokuma Elbise TWOSS22EL00733
06 Haziran 2022,Bilgi mevcut değil,Bilgi mevcut değil,Beden: 36,"158 boy ,47 kiloyum s beden tercih ettim oldu ,ürün harika sözüm için kullanacağım içiniz rahat alabilirsiniz :)2 gün önce sipariş ettim hemen teslim edildi satıcı ve kargo harika ✌️",TRENDYOLMİLLA Siyah Eteği Volanlı A Kesim Şifon Midi Astarlı Dokuma Elbise TWOSS22EL00733
25 Mayıs 2022,Bilgi mevcut değil,Bilgi mevcut değil,Beden: 38,İçinde astarı var günlük güzel bi elbise 1.60 boy 50 kilo 38 büyük geldi iade edip 36 alıcam,TRENDYOLMİLLA Siyah Eteği Volanlı A Kesim Şifon Midi Astarlı Dokuma Elbise TWOSS22EL00733
18 Mayıs 2022,Bilgi mevcut değil,Bilgi mevcut değil,Beden: 42,İndirimle 142 liraya aldım kumaşı dokusu gayet güzel.,TRENDYOLMİLLA Siyah Eteği Volanlı A Kesim Şifon Midi Astarlı Dokuma Elbise TWOSS22EL00733
14 Mayıs 2022,Bilgi mevcut değil,Bilgi mevcut değil,Beden: 40,Çok zarif bi elbise kuponla çok uyguna geldi 70 kiloyum 40 beden bi tık sıktı 42 alsam daha rahat olurdu,TRENDYOLMİLLA Siyah Eteği Volanlı A Kesim Şifon Midi Astarlı Dokuma Elbise TWOSS22EL00733
13 Mayıs 2022,Bilgi mevcut değil,Bilgi mevcut değil,Beden: 42,çeyizim için sipariş verdim 74 kiloyum 42 beden söyledim tam oldu. siyah güzel sade şifon bir elbise almak isteyen varsa bu fiyata kaçırmasın derim,TRENDYOLMİLLA Siyah Eteği Volanlı A Kesim Şifon Midi Astarlı Dokuma Elbise TWOSS22EL00733
12 Mayıs 2022,Bilgi mevcut değil,Bilgi mevcut değil,Beden: 38,Çok beğendim çok güzel bi ürün. 55 kilo 1.60 boy 38 beden tam oldu. 🤗,TRENDYOLMİLLA Siyah Eteği Volanlı A Kesim Şifon Midi Astarlı Dokuma Elbise TWOSS22EL00733
11 Mayıs 2022,Bilgi mevcut değil,Bilgi mevcut değil,Beden: 38,Elbise güzel ama kalıbı çok dar.1.62 boy 60 kilo m beden aldım aşırı dar oldu mecburen iade.,TRENDYOLMİLLA Siyah Eteği Volanlı A Kesim Şifon Midi Astarlı Dokuma Elbise TWOSS22EL00733
09 Mayıs 2022,Bilgi mevcut değil,Bilgi mevcut değil,Beden: 38,gayet güzel fiyatı da çok iyi. tam bedeninizi alabilirsiniz 163 boy 58 kilo 38 beden tam oldu. teşekkür ederim.,TRENDYOLMİLLA Siyah Eteği Volanlı A Kesim Şifon Midi Astarlı Dokuma Elbise TWOSS22EL00733
07 Mayıs 2022,Bilgi mevcut değil,Bilgi mevcut değil,Beden: 38,Elbise cok güzel kumaşı kaliteli baseni olanlar bir beden büyük alabilir 36 aldım olmadı 38 sipariş verdim,TRENDYOLMİLLA Siyah Eteği Volanlı A Kesim Şifon Midi Astarlı Dokuma Elbise TWOSS22EL00733
07 Ağustos 2024,Boy: 153cm,Kilo: 53kg,Beden: 34,Ürün göründüğü gibi ancak dikişleri çok kötü paketleme çok kötü geldi ancak kargo hızlıydı fiyatı hak etmiyor pazar malı,TRENDYOLMİLLA Siyah Eteği Volanlı A Kesim Şifon Midi Astarlı Dokuma Elbise TWOSS22EL00733
07 Ağustos 2024,Boy: 160cm,Kilo: 68kg,Beden: 42,elbisem göründüğü gibi geldi sorunsuz,TRENDYOLMİLLA Siyah Eteği Volanlı A Kesim Şifon Midi Astarlı Dokuma Elbise TWOSS22EL00733
29 Temmuz 2024,Boy: 160cm,Kilo: 52kg,Beden: 42,Elbise çok güzel ancak dikiş hatası var. İade edip tekrar alacağım,TRENDYOLMİLLA Siyah Eteği Volanlı A Kesim Şifon Midi Astarlı Dokuma Elbise TWOSS22EL00733
27 Temmuz 2024,Boy: 171cm,Kilo: 82kg,Beden: 44,rengi çok tatlı üzerinde çok güzel duruyor bayıldımmmmm o kadar dar değil normalde göğüs sıkıntısı çekerim ama olmadı 82 kilo boy 171,TRENDYOLMİLLA Siyah Eteği Volanlı A Kesim Şifon Midi Astarlı Dokuma Elbise TWOSS22EL00733
26 Temmuz 2024,Boy: 175cm,Kilo: 52kg,Beden: 42,annem için almıştım çok beğendi tam beden alınabilir çok tatlı bir elbise 🤍,TRENDYOLMİLLA Siyah Eteği Volanlı A Kesim Şifon Midi Astarlı Dokuma Elbise TWOSS22EL00733
26 Temmuz 2024,Boy: 183cm,Kilo: 93kg,Beden: 44,"Bu elbisenin kırmızısını severek kullandığımdan siyahını almak istedim, model olarak çok zarif sade şık bir elbise fakat dikişleri problemli. Sırt fermuar dikişleri yamuk. Fermuarın alt başlangıcı sol üst son kısmı sağa doğru ilerliyor. Cemiyet için alacaksacanız eğer tek seçenek bu elbise olmasın benim gibi zora düşmeyin.",TRENDYOLMİLLA Siyah Eteği Volanlı A Kesim Şifon Midi Astarlı Dokuma Elbise TWOSS22EL00733
24 Temmuz 2024,Boy: 163cm,Kilo: 60kg,Beden: 40,Ürünüm hatalı geldi ve kendime yakıştıramadım,TRENDYOLMİLLA Siyah Eteği Volanlı A Kesim Şifon Midi Astarlı Dokuma Elbise TWOSS22EL00733
23 Temmuz 2024,Boy: 170cm,Kilo: 65kg,Beden: 40,yırtık geldi iade,TRENDYOLMİLLA Siyah Eteği Volanlı A Kesim Şifon Midi Astarlı Dokuma Elbise TWOSS22EL00733
10 Temmuz 2024,Bilgi mevcut değil,Bilgi mevcut değil,Beden: 44,kolları çok uzun duruyor ve bedeni küçük geldi o yüzden iade ettim,TRENDYOLMİLLA Siyah Eteği Volanlı A Kesim Şifon Midi Astarlı Dokuma Elbise TWOSS22EL00733
12 Haziran 2024,Bilgi mevcut değil,Bilgi mevcut değil,Beden: 38,Kenarında çıkıntı gibi bir şey vardı ve kalıbı dar beğenmedim iade maalesef,TRENDYOLMİLLA Siyah Eteği Volanlı A Kesim Şifon Midi Astarlı Dokuma Elbise TWOSS22EL00733
27 Mayıs 2024,Bilgi mevcut değil,Bilgi mevcut değil,Beden: 42,dikişleri bi tuhaf. Ne düz ne yamuk gibi. düzeltiyorum önden düzeliyor arkadan yamuluyor,TRENDYOLMİLLA Siyah Eteği Volanlı A Kesim Şifon Midi Astarlı Dokuma Elbise TWOSS22EL00733
22 Mayıs 2024,Bilgi mevcut değil,Bilgi mevcut değil,Beden: 38,"kalça kenarlarında dikiş hataları var. bedeni sorunlu, normalde M beden giyiyorum aşırı geniş oldu. kumaşı ve duruşu hiç iyi değil, sırf üşendiğimden iade etmiyorum.",TRENDYOLMİLLA Siyah Eteği Volanlı A Kesim Şifon Midi Astarlı Dokuma Elbise TWOSS22EL00733
07 Mayıs 2024,Boy: 162cm,Kilo: 50kg,Beden: 36,mezuniyet için b planı olsun diye almıştım ve hiç beklentim yoktu ama aldığım asıl elbiseden çok daha güzel bunu giyicem cidden bu kadar güzel beklemiyodum düşünmeden alabilirsinizz,TRENDYOLMİLLA Siyah Eteği Volanlı A Kesim Şifon Midi Astarlı Dokuma Elbise TWOSS22EL00733
03 Mayıs 2024,Boy: 164cm,Kilo: 65kg,Beden: 42,Omuz kısmı geniş olan kişiler 1 beden büyük almalı çünkü kalıbı dar kesim . Kumaş kalitesi fena değil,TRENDYOLMİLLA Siyah Eteği Volanlı A Kesim Şifon Midi Astarlı Dokuma Elbise TWOSS22EL00733
11 Kasım 2023,Boy: 161cm,Kilo: 69kg,Beden: 42,dikişleri kalitesi çok kötü iade,TRENDYOLMİLLA Siyah Eteği Volanlı A Kesim Şifon Midi Astarlı Dokuma Elbise TWOSS22EL00733
05 Kasım 2023,Boy: 165cm,Kilo: 63kg,Beden: 40,Şık bi elbise,TRENDYOLMİLLA Siyah Eteği Volanlı A Kesim Şifon Midi Astarlı Dokuma Elbise TWOSS22EL00733
01 Kasım 2023,Boy: 169cm,Kilo: 59kg,Beden: 40,Fena değil,TRENDYOLMİLLA Siyah Eteği Volanlı A Kesim Şifon Midi Astarlı Dokuma Elbise TWOSS22EL00733
18 Ekim 2023,Boy: 165cm,Kilo: 75kg,Beden: 42,Dar kalıbı var kumaşını çok beğenmedim pamuklu değil,TRENDYOLMİLLA Siyah Eteği Volanlı A Kesim Şifon Midi Astarlı Dokuma Elbise TWOSS22EL00733
09 Ekim 2023,Boy: 172cm,Kilo: 55kg,Beden: 36,çok çok güzel çok şık,TRENDYOLMİLLA Siyah Eteği Volanlı A Kesim Şifon Midi Astarlı Dokuma Elbise TWOSS22EL00733
06 Ekim 2023,Boy: 158cm,Kilo: 60kg,Beden: 40,ben çok beğendim satıcıya teşekkür ederim 💖,TRENDYOLMİLLA Siyah Eteği Volanlı A Kesim Şifon Midi Astarlı Dokuma Elbise TWOSS22EL00733
06 Ekim 2023,Boy: 175cm,Kilo: 85kg,Beden: 40,Harika ürün,TRENDYOLMİLLA Siyah Eteği Volanlı A Kesim Şifon Midi Astarlı Dokuma Elbise TWOSS22EL00733
02 Ekim 2023,Bilgi mevcut değil,Bilgi mevcut değil,Bilgi mevcut değil,Aşırı güzel bir elbise vücütta da güzel duruyor ama bana büyük geldiği için iade ettim.,TRENDYOLMİLLA Siyah Eteği Volanlı A Kesim Şifon Midi Astarlı Dokuma Elbise TWOSS22EL00733
25 Eylül 2023,Bilgi mevcut değil,Bilgi mevcut değil,Beden: 40,güzel ürün,TRENDYOLMİLLA Siyah Eteği Volanlı A Kesim Şifon Midi Astarlı Dokuma Elbise TWOSS22EL00733
05 Ağustos 2023,Boy: 160cm,Kilo: 59kg,Bilgi mevcut değil,çok beğenerek giydim 59 kiloya m beden tam oldu,TRENDYOLMİLLA Siyah Eteği Volanlı A Kesim Şifon Midi Astarlı Dokuma Elbise TWOSS22EL00733
26 Temmuz 2023,Bilgi mevcut değil,Bilgi mevcut değil,Bilgi mevcut değil,elbise güzel ama çok dar kalıp 160 boy 68 kiloyum L beden almama rağmen s beden gibi dar geldi malesef iade,TRENDYOLMİLLA Siyah Eteği Volanlı A Kesim Şifon Midi Astarlı Dokuma Elbise TWOSS22EL00733
22 Temmuz 2023,Bilgi mevcut değil,Bilgi mevcut değil,Bilgi mevcut değil,ürünüm bir gün sonra teslim edildi hızlı teslimat için teşekkür ederim,TRENDYOLMİLLA Siyah Eteği Volanlı A Kesim Şifon Midi Astarlı Dokuma Elbise TWOSS22EL00733
09 Temmuz 2023,Boy: 178cm,Kilo: 92kg,Bilgi mevcut değil,ürün beden konusunda 1beden büyük alınmalı. duruşu çok kibar fiyat performans ürünü,TRENDYOLMİLLA Siyah Eteği Volanlı A Kesim Şifon Midi Astarlı Dokuma Elbise TWOSS22EL00733
29 Haziran 2023,Boy: 168cm,Kilo: 72kg,Bilgi mevcut değil,Kalıbı dar iade ettim,TRENDYOLMİLLA Siyah Eteği Volanlı A Kesim Şifon Midi Astarlı Dokuma Elbise TWOSS22EL00733
28 Haziran 2023,Bilgi mevcut değil,Bilgi mevcut değil,Bilgi mevcut değil,fıyatına gore guzel,TRENDYOLMİLLA Siyah Eteği Volanlı A Kesim Şifon Midi Astarlı Dokuma Elbise TWOSS22EL00733
27 Haziran 2023,Bilgi mevcut değil,Bilgi mevcut değil,Bilgi mevcut değil,çok güzel ve şık tavsiye ederim,TRENDYOLMİLLA Siyah Eteği Volanlı A Kesim Şifon Midi Astarlı Dokuma Elbise TWOSS22EL00733
27 Haziran 2023,Boy: 168cm,Kilo: 69kg,Bilgi mevcut değil,Çok güzel bi elbise. Tam beden alabilirsiniz.,TRENDYOLMİLLA Siyah Eteği Volanlı A Kesim Şifon Midi Astarlı Dokuma Elbise TWOSS22EL00733
26 Haziran 2023,Boy: 167cm,Kilo: 67kg,Bilgi mevcut değil,Anneme aldım 156 boy 65 kilo,TRENDYOLMİLLA Siyah Eteği Volanlı A Kesim Şifon Midi Astarlı Dokuma Elbise TWOSS22EL00733
24 Haziran 2023,Bilgi mevcut değil,Bilgi mevcut değil,Bilgi mevcut değil,ürün çok güzel geldi çok beğendim fakat bana olmadı oyuzden geri iade etmek zorunda kaldım ve bu durumdan ötürü üzüldüm 44 bedeni olsaydı degistirecektim ama 😔,TRENDYOLMİLLA Siyah Eteği Volanlı A Kesim Şifon Midi Astarlı Dokuma Elbise TWOSS22EL00733
24 Haziran 2023,Boy: 173cm,Kilo: 57kg,Bilgi mevcut değil,boy 162 kilo 64 38 beden tam oldu .,TRENDYOLMİLLA Siyah Eteği Volanlı A Kesim Şifon Midi Astarlı Dokuma Elbise TWOSS22EL00733
24 Haziran 2023,Bilgi mevcut değil,Bilgi mevcut değil,Bilgi mevcut değil,Kargo çok hızlı ürün çok güzel tam bedeninizi alabilirsiniz,TRENDYOLMİLLA Siyah Eteği Volanlı A Kesim Şifon Midi Astarlı Dokuma Elbise TWOSS22EL00733
23 Haziran 2023,Bilgi mevcut değil,Bilgi mevcut değil,Bilgi mevcut değil,anneme aldım çok zarif bir beden büyük tercih edilebilir,TRENDYOLMİLLA Siyah Eteği Volanlı A Kesim Şifon Midi Astarlı Dokuma Elbise TWOSS22EL00733
21 Haziran 2023,Boy: 162cm,Kilo: 52kg,Bilgi mevcut değil,beğendim boy 1.62 kilo 52 duruşu böyle,TRENDYOLMİLLA Siyah Eteği Volanlı A Kesim Şifon Midi Astarlı Dokuma Elbise TWOSS22EL00733
20 Haziran 2023,Bilgi mevcut değil,Bilgi mevcut değil,Bilgi mevcut değil,şık bir elbise ancak bir beden büyük alınmalı,TRENDYOLMİLLA Siyah Eteği Volanlı A Kesim Şifon Midi Astarlı Dokuma Elbise TWOSS22EL00733
20 Haziran 2023,Bilgi mevcut değil,Bilgi mevcut değil,Bilgi mevcut değil,fena değil..,TRENDYOLMİLLA Siyah Eteği Volanlı A Kesim Şifon Midi Astarlı Dokuma Elbise TWOSS22EL00733
19 Haziran 2023,Boy: 168cm,Kilo: 70kg,Bilgi mevcut değil,70 kilo 1.67 boyundayım. 40 beden aldım gayet güzel oldu. çok memnun kaldım,TRENDYOLMİLLA Siyah Eteği Volanlı A Kesim Şifon Midi Astarlı Dokuma Elbise TWOSS22EL00733
17 Haziran 2023,Boy: 163cm,Kilo: 60kg,Bilgi mevcut değil,Ürün güzel ama dikiş hataları var sürekli yukarı toparlanma yapıyor tül kısmı iade ettim,TRENDYOLMİLLA Siyah Eteği Volanlı A Kesim Şifon Midi Astarlı Dokuma Elbise TWOSS22EL00733
17 Haziran 2023,Bilgi mevcut değil,Bilgi mevcut değil,Bilgi mevcut değil,Ürünü aldım kargo ve paketleme gayet güzel teşekkürler,TRENDYOLMİLLA Siyah Eteği Volanlı A Kesim Şifon Midi Astarlı Dokuma Elbise TWOSS22EL00733
17 Haziran 2023,Bilgi mevcut değil,Bilgi mevcut değil,Bilgi mevcut değil,"çok zarif duran bir elbise ,tam beden",TRENDYOLMİLLA Siyah Eteği Volanlı A Kesim Şifon Midi Astarlı Dokuma Elbise TWOSS22EL00733
16 Haziran 2023,Bilgi mevcut değil,Bilgi mevcut değil,Bilgi mevcut değil,kalıbı dar,TRENDYOLMİLLA Siyah Eteği Volanlı A Kesim Şifon Midi Astarlı Dokuma Elbise TWOSS22EL00733
15 Haziran 2023,Boy: 160cm,Kilo: 48kg,Bilgi mevcut değil,Güzel şık begendim,TRENDYOLMİLLA Siyah Eteği Volanlı A Kesim Şifon Midi Astarlı Dokuma Elbise TWOSS22EL00733
15 Haziran 2023,Boy: 168cm,Kilo: 74kg,Bilgi mevcut değil,Çok beğendim,TRENDYOLMİLLA Siyah Eteği Volanlı A Kesim Şifon Midi Astarlı Dokuma Elbise TWOSS22EL00733
15 Haziran 2023,Bilgi mevcut değil,Bilgi mevcut değil,Bilgi mevcut değil,Beden olmadı,TRENDYOLMİLLA Siyah Eteği Volanlı A Kesim Şifon Midi Astarlı Dokuma Elbise TWOSS22EL00733
15 Haziran 2023,Boy: 164cm,Kilo: 51kg,Bilgi mevcut değil,güzel ama bi tarafın dikişini yanlış yapmışlar ona göre alın,TRENDYOLMİLLA Siyah Eteği Volanlı A Kesim Şifon Midi Astarlı Dokuma Elbise TWOSS22EL00733
15 Haziran 2023,Bilgi mevcut değil,Bilgi mevcut değil,Bilgi mevcut değil,cenaze için ideal bi seçim,TRENDYOLMİLLA Siyah Eteği Volanlı A Kesim Şifon Midi Astarlı Dokuma Elbise TWOSS22EL00733
14 Haziran 2023,Bilgi mevcut değil,Bilgi mevcut değil,Bilgi mevcut değil,"Çok güzel ve rahat her yere giyilebilir, bir beden büyük alınabilir.",TRENDYOLMİLLA Siyah Eteği Volanlı A Kesim Şifon Midi Astarlı Dokuma Elbise TWOSS22EL00733
14 Haziran 2023,Bilgi mevcut değil,Bilgi mevcut değil,Bilgi mevcut değil,inanılmaz güzel kalıp tam beden 🥰,TRENDYOLMİLLA Siyah Eteği Volanlı A Kesim Şifon Midi Astarlı Dokuma Elbise TWOSS22EL00733
13 Haziran 2023,Bilgi mevcut değil,Bilgi mevcut değil,Bilgi mevcut değil,"Elbise çok güzel, biraz kalıbı dar",TRENDYOLMİLLA Siyah Eteği Volanlı A Kesim Şifon Midi Astarlı Dokuma Elbise TWOSS22EL00733
13 Haziran 2023,Boy: 160cm,Kilo: 70kg,Bilgi mevcut değil,Model olarak çok güzel bir beden büyük tercih edebilirsiniz dar kalıp,TRENDYOLMİLLA Siyah Eteği Volanlı A Kesim Şifon Midi Astarlı Dokuma Elbise TWOSS22EL00733
13 Haziran 2023,Bilgi mevcut değil,Bilgi mevcut değil,Bilgi mevcut değil,Kalını dar bir beden büyük aldım onun dışında duruşu çok güzel iç göstermiyor rahatça giyebileceğiniz bir elbise,TRENDYOLMİLLA Siyah Eteği Volanlı A Kesim Şifon Midi Astarlı Dokuma Elbise TWOSS22EL00733
12 Haziran 2023,Bilgi mevcut değil,Bilgi mevcut değil,Bilgi mevcut değil,beklediğimden çok daha güzel durdu kesinlikle. fiyat performans ürünü,TRENDYOLMİLLA Siyah Eteği Volanlı A Kesim Şifon Midi Astarlı Dokuma Elbise TWOSS22EL00733
11 Haziran 2023,Bilgi mevcut değil,Bilgi mevcut değil,Bilgi mevcut değil,bayıldım gerçekten hem kumaşı hem duruşu harika,TRENDYOLMİLLA Siyah Eteği Volanlı A Kesim Şifon Midi Astarlı Dokuma Elbise TWOSS22EL00733
10 Haziran 2023,Boy: 155cm,Kilo: 65kg,Bilgi mevcut değil,bedeni küçük oldu iade ettim ama çok güzel elbise,TRENDYOLMİLLA Siyah Eteği Volanlı A Kesim Şifon Midi Astarlı Dokuma Elbise TWOSS22EL00733
10 Haziran 2023,Boy: 160cm,Kilo: 64kg,Bilgi mevcut değil,Bir 160 boy 64 kg tam oldu kumaşı fermuar dikimi güzeldi ben önüne ince bir taş yaptım daha şık durdu hafif bol olmasını istiyorduk hafif bol oldu,TRENDYOLMİLLA Siyah Eteği Volanlı A Kesim Şifon Midi Astarlı Dokuma Elbise TWOSS22EL00733
10 Haziran 2023,Bilgi mevcut değil,Bilgi mevcut değil,Bilgi mevcut değil,Ürün çok güzel eğer üstüne ze oturmasini istiyorsanız bi beden küçük alın süper duruyo baya beğendim 3 günde elime ulaştı baya şık bı elbise 42 kg 1.54 beden uzerimdeki 34 (XS) beden,TRENDYOLMİLLA Siyah Eteği Volanlı A Kesim Şifon Midi Astarlı Dokuma Elbise TWOSS22EL00733
09 Haziran 2023,Boy: 155cm,Kilo: 42kg,Bilgi mevcut değil,muhteşem teşekkürler,TRENDYOLMİLLA Siyah Eteği Volanlı A Kesim Şifon Midi Astarlı Dokuma Elbise TWOSS22EL00733
09 Haziran 2023,Boy: 168cm,Kilo: 61kg,Bilgi mevcut değil,elbise çok zarif kumaşı da çok iyi,TRENDYOLMİLLA Siyah Eteği Volanlı A Kesim Şifon Midi Astarlı Dokuma Elbise TWOSS22EL00733
08 Haziran 2023,Bilgi mevcut değil,Bilgi mevcut değil,Bilgi mevcut değil,elbise tam oldu çok güzel bayıldım,TRENDYOLMİLLA Siyah Eteği Volanlı A Kesim Şifon Midi Astarlı Dokuma Elbise TWOSS22EL00733
08 Haziran 2023,Bilgi mevcut değil,Bilgi mevcut değil,Bilgi mevcut değil,kalitesine bayıldım,TRENDYOLMİLLA Siyah Eteği Volanlı A Kesim Şifon Midi Astarlı Dokuma Elbise TWOSS22EL00733
08 Haziran 2023,Boy: 165cm,Kilo: 55kg,Bilgi mevcut değil,ürün güzel ben geç sipariş ettim 3gunde geldi ben elbiseyi bu kadar uzun olcagini zanetmedim ama yine bu fiyata göre mükemmel 1beden büyük alinmali,TRENDYOLMİLLA Siyah Eteği Volanlı A Kesim Şifon Midi Astarlı Dokuma Elbise TWOSS22EL00733
07 Haziran 2023,Boy: 165cm,Kilo: 55kg,Bilgi mevcut değil,Süper bi elbise kesinlikle tavsiye ediyorum,TRENDYOLMİLLA Siyah Eteği Volanlı A Kesim Şifon Midi Astarlı Dokuma Elbise TWOSS22EL00733
06 Haziran 2023,Boy: 155cm,Kilo: 55kg,Bilgi mevcut değil,Çok zarif ve şık bir elbise. 1.58 55 kilo 38 beden tam oldu.,TRENDYOLMİLLA Siyah Eteği Volanlı A Kesim Şifon Midi Astarlı Dokuma Elbise TWOSS22EL00733
06 Haziran 2023,Bilgi mevcut değil,Bilgi mevcut değil,Bilgi mevcut değil,Anneme aldım düğünde giyecek çok güzel bir model bayıldık,TRENDYOLMİLLA Siyah Eteği Volanlı A Kesim Şifon Midi Astarlı Dokuma Elbise TWOSS22EL00733
06 Haziran 2023,Boy: 155cm,Kilo: 65kg,Bilgi mevcut değil,Severek giyiniyorum,TRENDYOLMİLLA Siyah Eteği Volanlı A Kesim Şifon Midi Astarlı Dokuma Elbise TWOSS22EL00733
04 Haziran 2023,Bilgi mevcut değil,Bilgi mevcut değil,Bilgi mevcut değil,163 boy 63 kiloyum 38 bedeni biraz sıktı 40 bedende bol oldu belden üstüm daha incedir ama kumaşı duruşu falan güzel,TRENDYOLMİLLA Siyah Eteği Volanlı A Kesim Şifon Midi Astarlı Dokuma Elbise TWOSS22EL00733
04 Haziran 2023,Bilgi mevcut değil,Bilgi mevcut değil,Bilgi mevcut değil,cok güzel cok beğendim,TRENDYOLMİLLA Siyah Eteği Volanlı A Kesim Şifon Midi Astarlı Dokuma Elbise TWOSS22EL00733
02 Haziran 2023,Boy: 158cm,Kilo: 75kg,Bilgi mevcut değil,Çok kullanişli harika bir ürün giy özel güne git ardaşın düğüne nişana özel güne mis gibi boneonun tavsiyele aldim,TRENDYOLMİLLA Siyah Eteği Volanlı A Kesim Şifon Midi Astarlı Dokuma Elbise TWOSS22EL00733
02 Haziran 2023,Bilgi mevcut değil,Bilgi mevcut değil,Bilgi mevcut değil,Buyuk oldu ıade ettım,TRENDYOLMİLLA Siyah Eteği Volanlı A Kesim Şifon Midi Astarlı Dokuma Elbise TWOSS22EL00733
02 Haziran 2023,Bilgi mevcut değil,Bilgi mevcut değil,Bilgi mevcut değil,"Kalıbı biraz pot durdu. iade ettim, ancak kolları filan çok şık",TRENDYOLMİLLA Siyah Eteği Volanlı A Kesim Şifon Midi Astarlı Dokuma Elbise TWOSS22EL00733
25 Mayıs 2023,Bilgi mevcut değil,Bilgi mevcut değil,Bilgi mevcut değil,kemer takarak kullandım 160/60 kiloyum duruşu bu şekilde gayet hoş,TRENDYOLMİLLA Siyah Eteği Volanlı A Kesim Şifon Midi Astarlı Dokuma Elbise TWOSS22EL00733
24 Mayıs 2023,Boy: 165cm,Kilo: 50kg,Bilgi mevcut değil,Kardeşim kendine aldı tam oldu çok güzel şık bir elbise,TRENDYOLMİLLA Siyah Eteği Volanlı A Kesim Şifon Midi Astarlı Dokuma Elbise TWOSS22EL00733
24 Mayıs 2023,Bilgi mevcut değil,Bilgi mevcut değil,Bilgi mevcut değil,Güzel durmadı iade,TRENDYOLMİLLA Siyah Eteği Volanlı A Kesim Şifon Midi Astarlı Dokuma Elbise TWOSS22EL00733
18 Mayıs 2023,Bilgi mevcut değil,Bilgi mevcut değil,Bilgi mevcut değil,Çok zarif bir elbise 65 kilo 1.60 boy 40 beden tam oldu paketleme de güzeldi,TRENDYOLMİLLA Siyah Eteği Volanlı A Kesim Şifon Midi Astarlı Dokuma Elbise TWOSS22EL00733
16 Mayıs 2023,Bilgi mevcut değil,Bilgi mevcut değil,Bilgi mevcut değil,güzel ve kullanışlı,TRENDYOLMİLLA Siyah Eteği Volanlı A Kesim Şifon Midi Astarlı Dokuma Elbise TWOSS22EL00733
13 Mayıs 2023,Bilgi mevcut değil,Bilgi mevcut değil,Bilgi mevcut değil,Güzel ürün,TRENDYOLMİLLA Siyah Eteği Volanlı A Kesim Şifon Midi Astarlı Dokuma Elbise TWOSS22EL00733
13 Mayıs 2023,Bilgi mevcut değil,Bilgi mevcut değil,Bilgi mevcut değil,Kaliteli mükemmel,TRENDYOLMİLLA Siyah Eteği Volanlı A Kesim Şifon Midi Astarlı Dokuma Elbise TWOSS22EL00733
11 Mayıs 2023,Bilgi mevcut değil,Bilgi mevcut değil,Bilgi mevcut değil,Göründüğü gibi çok güzel ve zarif. Hızlı kargo için teşekkür ederim,TRENDYOLMİLLA Siyah Eteği Volanlı A Kesim Şifon Midi Astarlı Dokuma Elbise TWOSS22EL00733
09 Mayıs 2023,Bilgi mevcut değil,Bilgi mevcut değil,Bilgi mevcut değil,dar kalıp bir beden büyük alınabilir,TRENDYOLMİLLA Siyah Eteği Volanlı A Kesim Şifon Midi Astarlı Dokuma Elbise TWOSS22EL00733
05 Mayıs 2023,Bilgi mevcut değil,Bilgi mevcut değil,Bilgi mevcut değil,Çok güzel bir elbiseee,TRENDYOLMİLLA Siyah Eteği Volanlı A Kesim Şifon Midi Astarlı Dokuma Elbise TWOSS22EL00733
05 Mayıs 2023,Bilgi mevcut değil,Bilgi mevcut değil,Bilgi mevcut değil,ürün güzel ancak 42 bedeni 38 40 gibi olmadı,TRENDYOLMİLLA Siyah Eteği Volanlı A Kesim Şifon Midi Astarlı Dokuma Elbise TWOSS22EL00733
04 Mayıs 2023,Bilgi mevcut değil,Bilgi mevcut değil,Bilgi mevcut değil,Beğendik aşırı hanımefendi birbelbise,TRENDYOLMİLLA Siyah Eteği Volanlı A Kesim Şifon Midi Astarlı Dokuma Elbise TWOSS22EL00733
03 Mayıs 2023,Boy: 168cm,Kilo: 58kg,Bilgi mevcut değil,40 beden sipariş verdim biraz büyük ama olsun bedenim 38 normalde yorumlara bakarak bir beden büyük aldım bence tam beden alınmalı,TRENDYOLMİLLA Siyah Eteği Volanlı A Kesim Şifon Midi Astarlı Dokuma Elbise TWOSS22EL00733
03 Mayıs 2023,Bilgi mevcut değil,Bilgi mevcut değil,Bilgi mevcut değil,Elbise gelseydi deneyimlerimizi yazacaktım ancak yolda gelirken geri gitti durumu anlamadım.,TRENDYOLMİLLA Siyah Eteği Volanlı A Kesim Şifon Midi Astarlı Dokuma Elbise TWOSS22EL00733
01 Mayıs 2023,Bilgi mevcut değil,Bilgi mevcut değil,Bilgi mevcut değil,Çok güzel elbise çok beğendim,TRENDYOLMİLLA Siyah Eteği Volanlı A Kesim Şifon Midi Astarlı Dokuma Elbise TWOSS22EL00733
27 Nisan 2023,Boy: 165cm,Kilo: 110kg,Bilgi mevcut değil,Elbise çok güzel bana dar geldiği için iade ettim ama kalitesi falan çok iyiydi,TRENDYOLMİLLA Siyah Eteği Volanlı A Kesim Şifon Midi Astarlı Dokuma Elbise TWOSS22EL00733
26 Nisan 2023,Bilgi mevcut değil,Bilgi mevcut değil,Bilgi mevcut değil,elbise okadar güzelki istediğim her yere uyuyor ve her yerde giyiyorum,TRENDYOLMİLLA Siyah Eteği Volanlı A Kesim Şifon Midi Astarlı Dokuma Elbise TWOSS22EL00733
26 Nisan 2023,Boy: 163cm,Kilo: 73kg,Bilgi mevcut değil,Çok güzel çokk kibar bir elbise. Bayramda giymek için aldım. Herkes bayıldı. Ben önce 40 beden aldım ama biraz dar oldu . 42 beden tam ve rahat oldu. 1.63 boy 73 kiloyum.,TRENDYOLMİLLA Siyah Eteği Volanlı A Kesim Şifon Midi Astarlı Dokuma Elbise TWOSS22EL00733
26 Nisan 2023,Bilgi mevcut değil,Bilgi mevcut değil,Bilgi mevcut değil,üzerinizde harika duran Bi elbise fiyatı da uygun hanım hanımcık çok şık Bi elbise,TRENDYOLMİLLA Siyah Eteği Volanlı A Kesim Şifon Midi Astarlı Dokuma Elbise TWOSS22EL00733
25 Nisan 2023,Bilgi mevcut değil,Bilgi mevcut değil,Bilgi mevcut değil,yegenlerim icin aldik. cok memnunlar. elbise tam kalip . kendi bedeninizi alabilirsiniz.,TRENDYOLMİLLA Siyah Eteği Volanlı A Kesim Şifon Midi Astarlı Dokuma Elbise TWOSS22EL00733
24 Nisan 2023,Bilgi mevcut değil,Bilgi mevcut değil,Bilgi mevcut değil,güzel bir elbise kargo da gecikmedi hep m beden giydiğim halde aşırı dar oldu.,TRENDYOLMİLLA Siyah Eteği Volanlı A Kesim Şifon Midi Astarlı Dokuma Elbise TWOSS22EL00733
23 Nisan 2023,Boy: 169cm,Kilo: 72kg,Bilgi mevcut değil,Çok şık bir elbise tercih edebilirsiniz,TRENDYOLMİLLA Siyah Eteği Volanlı A Kesim Şifon Midi Astarlı Dokuma Elbise TWOSS22EL00733
21 Nisan 2023,Bilgi mevcut değil,Bilgi mevcut değil,Bilgi mevcut değil,Çok güzel severek kullanıyorum,TRENDYOLMİLLA Siyah Eteği Volanlı A Kesim Şifon Midi Astarlı Dokuma Elbise TWOSS22EL00733
15 Nisan 2023,Bilgi mevcut değil,Bilgi mevcut değil,Bilgi mevcut değil,"Ürünü Perşembe ile Cuma günü arasında olan gecede sipariş ettim. Cuma günü öğleden sonra elimdeydi. İnanılmaz hızlı geldi, hala şaşkınım. Elbise çok güzel ben sevdim. Arkadaşımın düğünü için aldım. 1.60 boy 74 kiloyum 42 beden aldım tam oldu.",TRENDYOLMİLLA Siyah Eteği Volanlı A Kesim Şifon Midi Astarlı Dokuma Elbise TWOSS22EL00733
15 Nisan 2023,Bilgi mevcut değil,Bilgi mevcut değil,Bilgi mevcut değil,güzel ürün,TRENDYOLMİLLA Siyah Eteği Volanlı A Kesim Şifon Midi Astarlı Dokuma Elbise TWOSS22EL00733
15 Nisan 2023,Bilgi mevcut değil,Bilgi mevcut değil,Bilgi mevcut değil,Çok güzel harika mutlaka alım,TRENDYOLMİLLA Siyah Eteği Volanlı A Kesim Şifon Midi Astarlı Dokuma Elbise TWOSS22EL00733
12 Nisan 2023,Bilgi mevcut değil,Bilgi mevcut değil,Bilgi mevcut değil,Yeni gelin elbisesi çok güzel,TRENDYOLMİLLA Siyah Eteği Volanlı A Kesim Şifon Midi Astarlı Dokuma Elbise TWOSS22EL00733
09 Nisan 2023,Bilgi mevcut değil,Bilgi mevcut değil,Bilgi mevcut değil,Güzel ve şık bir elbise kesinlikle kurtarıcı olabilir ama bana yakışmadığı için iade,TRENDYOLMİLLA Siyah Eteği Volanlı A Kesim Şifon Midi Astarlı Dokuma Elbise TWOSS22EL00733
09 Nisan 2023,Bilgi mevcut değil,Bilgi mevcut değil,Beden: 38,bedeninizi aynı alin tam olur dökümü kumaşı çok guzel,TRENDYOLMİLLA Siyah Eteği Volanlı A Kesim Şifon Midi Astarlı Dokuma Elbise TWOSS22EL00733
08 Nisan 2023,Bilgi mevcut değil,Bilgi mevcut değil,Beden: 42,ürün gayet güzel fakat 58 kiloya l beden dar geldi xl siparişi vereceğim,TRENDYOLMİLLA Siyah Eteği Volanlı A Kesim Şifon Midi Astarlı Dokuma Elbise TWOSS22EL00733
05 Nisan 2023,Bilgi mevcut değil,Bilgi mevcut değil,Beden: 36,1.60 boy 55 kilo 36 beden oldu boyuda dizin biraz altında kalıyor. Güzel bir elbise özel günlerde çok şık duruyor,TRENDYOLMİLLA Siyah Eteği Volanlı A Kesim Şifon Midi Astarlı Dokuma Elbise TWOSS22EL00733
05 Nisan 2023,Bilgi mevcut değil,Bilgi mevcut değil,Beden: 42,Bir beden büyük almanızı tavsiye ederim,TRENDYOLMİLLA Siyah Eteği Volanlı A Kesim Şifon Midi Astarlı Dokuma Elbise TWOSS22EL00733
03 Nisan 2023,Bilgi mevcut değil,Bilgi mevcut değil,Beden: 42,cok guzel bir urun,TRENDYOLMİLLA Siyah Eteği Volanlı A Kesim Şifon Midi Astarlı Dokuma Elbise TWOSS22EL00733
23 Mart 2023,Bilgi mevcut değil,Bilgi mevcut değil,Beden: 40,Şifon güzel bir ürün teşekkürler bir 70 boy 65kilo m beden aldım,TRENDYOLMİLLA Siyah Eteği Volanlı A Kesim Şifon Midi Astarlı Dokuma Elbise TWOSS22EL00733
19 Mart 2023,Bilgi mevcut değil,Bilgi mevcut değil,Beden: 42,Duruşu çokk güzel ve zarif bir elbise. Severek kullanıyorum,TRENDYOLMİLLA Siyah Eteği Volanlı A Kesim Şifon Midi Astarlı Dokuma Elbise TWOSS22EL00733
16 Mart 2023,Bilgi mevcut değil,Bilgi mevcut değil,Beden: 40,kurtarıcı şık bir elbise. 1 beden büyük daha rahat oldu,TRENDYOLMİLLA Siyah Eteği Volanlı A Kesim Şifon Midi Astarlı Dokuma Elbise TWOSS22EL00733
08 Ocak 2023,Bilgi mevcut değil,Bilgi mevcut değil,Beden: 42,Tirl tril şık şıkıdım bir elbise,TRENDYOLMİLLA Siyah Eteği Volanlı A Kesim Şifon Midi Astarlı Dokuma Elbise TWOSS22EL00733
26 Aralık 2022,Bilgi mevcut değil,Bilgi mevcut değil,Beden: 38,Yani güzel sade bi elbise 1.70 boy 60 kilo m beden güzel oldu,TRENDYOLMİLLA Siyah Eteği Volanlı A Kesim Şifon Midi Astarlı Dokuma Elbise TWOSS22EL00733
05 Aralık 2022,Bilgi mevcut değil,Bilgi mevcut değil,Beden: 42,Çok teşekkür ederim,TRENDYOLMİLLA Siyah Eteği Volanlı A Kesim Şifon Midi Astarlı Dokuma Elbise TWOSS22EL00733
04 Aralık 2022,Bilgi mevcut değil,Bilgi mevcut değil,Beden: 38,164 boy 58 kilo s beden tam oldu,TRENDYOLMİLLA Siyah Eteği Volanlı A Kesim Şifon Midi Astarlı Dokuma Elbise TWOSS22EL00733
03 Aralık 2022,Bilgi mevcut değil,Bilgi mevcut değil,Beden: 38,Basarılı ürün,TRENDYOLMİLLA Siyah Eteği Volanlı A Kesim Şifon Midi Astarlı Dokuma Elbise TWOSS22EL00733
29 Kasım 2022,Bilgi mevcut değil,Bilgi mevcut değil,Beden: 34,sade bir elbise beğenerek giyiyorum,TRENDYOLMİLLA Siyah Eteği Volanlı A Kesim Şifon Midi Astarlı Dokuma Elbise TWOSS22EL00733
28 Kasım 2022,Bilgi mevcut değil,Bilgi mevcut değil,Beden: 40,Çok çok çok beğendim,TRENDYOLMİLLA Siyah Eteği Volanlı A Kesim Şifon Midi Astarlı Dokuma Elbise TWOSS22EL00733
28 Kasım 2022,Bilgi mevcut değil,Bilgi mevcut değil,Beden: 42,"Basic bir elbise, dolaplarda bulunmasında yarar var..",TRENDYOLMİLLA Siyah Eteği Volanlı A Kesim Şifon Midi Astarlı Dokuma Elbise TWOSS22EL00733
28 Kasım 2022,Bilgi mevcut değil,Bilgi mevcut değil,Beden: 42,Elbise güzel zarif. beden tablosunda gogus ve bel olcusune bakarak tam beden almalisiniz.,TRENDYOLMİLLA Siyah Eteği Volanlı A Kesim Şifon Midi Astarlı Dokuma Elbise TWOSS22EL00733
26 Kasım 2022,Bilgi mevcut değil,Bilgi mevcut değil,Beden: 40,güzel bir elbise annemin için aldım aslında 164. 63 kilo ama 40 anca oldu garip bi darlıkta bence,TRENDYOLMİLLA Siyah Eteği Volanlı A Kesim Şifon Midi Astarlı Dokuma Elbise TWOSS22EL00733
25 Kasım 2022,Bilgi mevcut değil,Bilgi mevcut değil,Beden: 38,AŞIRI GÜZEL,TRENDYOLMİLLA Siyah Eteği Volanlı A Kesim Şifon Midi Astarlı Dokuma Elbise TWOSS22EL00733
25 Kasım 2022,Bilgi mevcut değil,Bilgi mevcut değil,Beden: 42,Bedeni uymadı iade ettim,TRENDYOLMİLLA Siyah Eteği Volanlı A Kesim Şifon Midi Astarlı Dokuma Elbise TWOSS22EL00733
23 Kasım 2022,Bilgi mevcut değil,Bilgi mevcut değil,Beden: 34,46 kilo 161 boyundayım. Çok güzel oldu elbise. Çok beğenerek kullanıyorum,TRENDYOLMİLLA Siyah Eteği Volanlı A Kesim Şifon Midi Astarlı Dokuma Elbise TWOSS22EL00733
22 Kasım 2022,Bilgi mevcut değil,Bilgi mevcut değil,Beden: 38,Hanım hanımcık bi elbise,TRENDYOLMİLLA Siyah Eteği Volanlı A Kesim Şifon Midi Astarlı Dokuma Elbise TWOSS22EL00733
19 Kasım 2022,Bilgi mevcut değil,Bilgi mevcut değil,Beden: 42,Harika bir elbise kurtarıcı,TRENDYOLMİLLA Siyah Eteği Volanlı A Kesim Şifon Midi Astarlı Dokuma Elbise TWOSS22EL00733
19 Kasım 2022,Bilgi mevcut değil,Bilgi mevcut değil,Beden: 42,Beklediğim gibi değildi kalitesi hoşuma gitmedi naylonumsu gibi bir elbise,TRENDYOLMİLLA Siyah Eteği Volanlı A Kesim Şifon Midi Astarlı Dokuma Elbise TWOSS22EL00733
17 Kasım 2022,Bilgi mevcut değil,Bilgi mevcut değil,Beden: 42,Çok şık tam beden alınmalı,TRENDYOLMİLLA Siyah Eteği Volanlı A Kesim Şifon Midi Astarlı Dokuma Elbise TWOSS22EL00733
16 Kasım 2022,Bilgi mevcut değil,Bilgi mevcut değil,Beden: 36,resimde daha kaliteli duruyor durusunu begenmedim,TRENDYOLMİLLA Siyah Eteği Volanlı A Kesim Şifon Midi Astarlı Dokuma Elbise TWOSS22EL00733
14 Kasım 2022,Bilgi mevcut değil,Bilgi mevcut değil,Beden: 42,"düğün için aldım, çok zarif bir elbise, çok beğendim, aynı bedeninize göre alabilirsiniz",TRENDYOLMİLLA Siyah Eteği Volanlı A Kesim Şifon Midi Astarlı Dokuma Elbise TWOSS22EL00733
08 Mayıs 2024,Boy: 165cm,Kilo: 60kg,Beden: 40,1.65 boy 60 kilo L beden büyük geldi. M daha iyi oturacak,TRENDYOLMİLLA Siyah Eteği Volanlı A Kesim Şifon Midi Astarlı Dokuma Elbise TWOSS22EL00733
25 Kasım 2023,Boy: 168cm,Kilo: 68kg,Beden: 34,güzel bir örün teşekkür ederim ☺️,TRENDYOLMİLLA Siyah Eteği Volanlı A Kesim Şifon Midi Astarlı Dokuma Elbise TWOSS22EL00733
05 Eylül 2023,Bilgi mevcut değil,Bilgi mevcut değil,Beden: 34,Güzel ürün,TRENDYOLMİLLA Siyah Eteği Volanlı A Kesim Şifon Midi Astarlı Dokuma Elbise TWOSS22EL00733
07 Ağustos 2023,Bilgi mevcut değil,Bilgi mevcut değil,Bilgi mevcut değil,teşekkür ederim,TRENDYOLMİLLA Siyah Eteği Volanlı A Kesim Şifon Midi Astarlı Dokuma Elbise TWOSS22EL00733
14 Temmuz 2023,Bilgi mevcut değil,Bilgi mevcut değil,Bilgi mevcut değil,Elbise çok güzel ama ya manken çok uzun yada ben çok kısayım. Gerçi boyum 1.70 ama elbise mankendekinden de uzun oldu beğenemedim o yüzden iade ettim,TRENDYOLMİLLA Siyah Eteği Volanlı A Kesim Şifon Midi Astarlı Dokuma Elbise TWOSS22EL00733
07 Temmuz 2023,Boy: 163cm,Kilo: 63kg,Bilgi mevcut değil,çok güzel ve zarif,TRENDYOLMİLLA Siyah Eteği Volanlı A Kesim Şifon Midi Astarlı Dokuma Elbise TWOSS22EL00733
27 Haziran 2023,Boy: 173cm,Kilo: 53kg,Bilgi mevcut değil,ürün çok güzel kalitesi duruşu yanlız bir beden büyük alınma ben 36 giyordum 38 aldım tam oldu teşekkür Trendyol.,TRENDYOLMİLLA Siyah Eteği Volanlı A Kesim Şifon Midi Astarlı Dokuma Elbise TWOSS22EL00733
26 Haziran 2023,Boy: 175cm,Kilo: 59kg,Bilgi mevcut değil,Ürünü çok beğendim,TRENDYOLMİLLA Siyah Eteği Volanlı A Kesim Şifon Midi Astarlı Dokuma Elbise TWOSS22EL00733
25 Haziran 2023,Boy: 155cm,Kilo: 75kg,Bilgi mevcut değil,Elbise güzel ancak beden küçül geldi üzülerek iade ettim.,TRENDYOLMİLLA Siyah Eteği Volanlı A Kesim Şifon Midi Astarlı Dokuma Elbise TWOSS22EL00733
23 Haziran 2023,Bilgi mevcut değil,Bilgi mevcut değil,Bilgi mevcut değil,hayatimda harcadigim en iyi 200 lira olabilir bu fiyata bu guzel durus ve kalite bayildim. harika bir elbise ben indirimden almistim ama bence bu fiyata da alinir cok naif her turlu ortamda giyilir muhtesemm,TRENDYOLMİLLA Siyah Eteği Volanlı A Kesim Şifon Midi Astarlı Dokuma Elbise TWOSS22EL00733
20 Haziran 2023,Bilgi mevcut değil,Bilgi mevcut değil,Bilgi mevcut değil,"Elbise güzel ama kalıbı çok dar 40 beden aldım 36 gibi geldi. Boyu 120 cm denmiş ama 106 cm, eni boyu küçük geldiği için üzülerek iade ediyorum",TRENDYOLMİLLA Siyah Eteği Volanlı A Kesim Şifon Midi Astarlı Dokuma Elbise TWOSS22EL00733
15 Haziran 2023,Boy: 152cm,Kilo: 54kg,Bilgi mevcut değil,çok kibar bir elbise aşırı hoşuma gitti eski zaman temalı bi parti için aldım çok güzel ya,TRENDYOLMİLLA Siyah Eteği Volanlı A Kesim Şifon Midi Astarlı Dokuma Elbise TWOSS22EL00733
14 Haziran 2023,Boy: 164cm,Kilo: 62kg,Bilgi mevcut değil,resimdekinin birebir aynısı geldi çok şık ve güzel tam beden alabilirsiniz,TRENDYOLMİLLA Siyah Eteği Volanlı A Kesim Şifon Midi Astarlı Dokuma Elbise TWOSS22EL00733
13 Haziran 2023,Boy: 164cm,Kilo: 74kg,Bilgi mevcut değil,Elbise çok güzel tam bedeninizi alın gayet hoş ve güzel duruyor.,TRENDYOLMİLLA Siyah Eteği Volanlı A Kesim Şifon Midi Astarlı Dokuma Elbise TWOSS22EL00733
10 Haziran 2023,Bilgi mevcut değil,Bilgi mevcut değil,Bilgi mevcut değil,160 65 kilo 42 beden aldım çok güzel tam oldu,TRENDYOLMİLLA Siyah Eteği Volanlı A Kesim Şifon Midi Astarlı Dokuma Elbise TWOSS22EL00733
09 Haziran 2023,Boy: 155cm,Kilo: 51kg,Bilgi mevcut değil,Anneme evde ki nişan için aldım 42 beden gayet güzel oldu 65 kilo boy 1.50,TRENDYOLMİLLA Siyah Eteği Volanlı A Kesim Şifon Midi Astarlı Dokuma Elbise TWOSS22EL00733
09 Haziran 2023,Boy: 175cm,Kilo: 75kg,Bilgi mevcut değil,Kalıbı güzel 👍🏻 tam bedeninizi tercih edebilirsiniz. 42 bedenim tam oldu,TRENDYOLMİLLA Siyah Eteği Volanlı A Kesim Şifon Midi Astarlı Dokuma Elbise TWOSS22EL00733
08 Haziran 2023,Bilgi mevcut değil,Bilgi mevcut değil,Bilgi mevcut değil,Elbise elime çok hızlı ulaştı oğlumun mezuniyet balosu için aldım. Çok kaliteli çok şık bir elbise. Verilen ölçülere göre alırsanız tam oluyor. iyi ki almışım. Kesinlikle tavsiyemdir.,TRENDYOLMİLLA Siyah Eteği Volanlı A Kesim Şifon Midi Astarlı Dokuma Elbise TWOSS22EL00733
07 Haziran 2023,Bilgi mevcut değil,Bilgi mevcut değil,Bilgi mevcut değil,"Ürün sorunsuz çok hızlı teslim edildi, teşekkür ederim. 1.60 boyunda 63,5 kiloda biri olarak başka markalarda 38 - 40 beden giyerken yorumlara bakarak 42 beden aldım ve tam oldu. Daha önce başka bir modelde aldığım 40 beden TRENDYOLMİLLA elbiseden de öğrendiğim üzere kalıplar dar ve mutlaka bir ya da iki beden büyüğü daha rahat oluyor.",TRENDYOLMİLLA Siyah Eteği Volanlı A Kesim Şifon Midi Astarlı Dokuma Elbise TWOSS22EL00733
07 Haziran 2023,Bilgi mevcut değil,Bilgi mevcut değil,Bilgi mevcut değil,elbise paketlemesi güzeldi ve kumaşı da güzel sağlam geldi .,TRENDYOLMİLLA Siyah Eteği Volanlı A Kesim Şifon Midi Astarlı Dokuma Elbise TWOSS22EL00733
06 Haziran 2023,Bilgi mevcut değil,Bilgi mevcut değil,Bilgi mevcut değil,Harika bir elbise bir akrabamizin düğününde giymek için aldım iyi ki almışım 155 boy 63 kilo ile 42 beden aldım üzerime dikilmiş gibi durdu teşekkür ederim,TRENDYOLMİLLA Siyah Eteği Volanlı A Kesim Şifon Midi Astarlı Dokuma Elbise TWOSS22EL00733
06 Haziran 2023,Bilgi mevcut değil,Bilgi mevcut değil,Bilgi mevcut değil,kalıbı duruşu harika,TRENDYOLMİLLA Siyah Eteği Volanlı A Kesim Şifon Midi Astarlı Dokuma Elbise TWOSS22EL00733
04 Haziran 2023,Bilgi mevcut değil,Bilgi mevcut değil,Beden: 42,"Çok zarif ve şık bir elbise, kalıbı bir tık dar, alırken bunu göz önünde bulundurmanızı öneririm.",TRENDYOLMİLLA Siyah Eteği Volanlı A Kesim Şifon Midi Astarlı Dokuma Elbise TWOSS22EL00733
04 Haziran 2023,Boy: 169cm,Kilo: 75kg,Bilgi mevcut değil,Beklediğimden daha kaliteli çıktı ürün,TRENDYOLMİLLA Siyah Eteği Volanlı A Kesim Şifon Midi Astarlı Dokuma Elbise TWOSS22EL00733
02 Haziran 2023,Bilgi mevcut değil,Bilgi mevcut değil,Bilgi mevcut değil,güzel bir elbise arkadaşımın nişanı için tercih ettim günü kurtardı,TRENDYOLMİLLA Siyah Eteği Volanlı A Kesim Şifon Midi Astarlı Dokuma Elbise TWOSS22EL00733
24 Mayıs 2023,Boy: 158cm,Kilo: 68kg,Bilgi mevcut değil,cok guzel geldi tesekkur ederim,TRENDYOLMİLLA Siyah Eteği Volanlı A Kesim Şifon Midi Astarlı Dokuma Elbise TWOSS22EL00733
19 Mayıs 2023,Bilgi mevcut değil,Bilgi mevcut değil,Bilgi mevcut değil,şık bir elbise ama bana uzun geldi boyum 1.57,TRENDYOLMİLLA Siyah Eteği Volanlı A Kesim Şifon Midi Astarlı Dokuma Elbise TWOSS22EL00733
14 Mayıs 2023,Bilgi mevcut değil,Bilgi mevcut değil,Bilgi mevcut değil,gayet şık oldu eşime rahat teşşekkür ederim,TRENDYOLMİLLA Siyah Eteği Volanlı A Kesim Şifon Midi Astarlı Dokuma Elbise TWOSS22EL00733
12 Mayıs 2023,Bilgi mevcut değil,Bilgi mevcut değil,Bilgi mevcut değil,Boyum 1.58 kilom 65 42 beden aldım tam oturdu.Kurtarıcı bir elbise,TRENDYOLMİLLA Siyah Eteği Volanlı A Kesim Şifon Midi Astarlı Dokuma Elbise TWOSS22EL00733
08 Mayıs 2023,Bilgi mevcut değil,Bilgi mevcut değil,Bilgi mevcut değil,Teşekkür ederim 🌻,TRENDYOLMİLLA Siyah Eteği Volanlı A Kesim Şifon Midi Astarlı Dokuma Elbise TWOSS22EL00733
26 Nisan 2023,Bilgi mevcut değil,Bilgi mevcut değil,Bilgi mevcut değil,ürün elime sağlam ulaştı 68 kiloyum L beden tam oldu,TRENDYOLMİLLA Siyah Eteği Volanlı A Kesim Şifon Midi Astarlı Dokuma Elbise TWOSS22EL00733
25 Aralık 2022,Bilgi mevcut değil,Bilgi mevcut değil,Beden: 42,174 boy 75 kilo 42 beden aldım süper durdu.İncecik gösteriyor.Boyu diz altımda kaldı.,TRENDYOLMİLLA Siyah Eteği Volanlı A Kesim Şifon Midi Astarlı Dokuma Elbise TWOSS22EL00733
16 Kasım 2022,Bilgi mevcut değil,Bilgi mevcut değil,Beden: 42,Elbise harika herkes çok beğendi. 1.70 boya 68 kilo böyle durdu. Kalıplar dar bir beden büyük alınmalı.,TRENDYOLMİLLA Siyah Eteği Volanlı A Kesim Şifon Midi Astarlı Dokuma Elbise TWOSS22EL00733
30 Ekim 2022,Bilgi mevcut değil,Bilgi mevcut değil,Beden: 38,"Sağlam geldi iyi paketlenmiş boyutu , vakumu gayet iyi. Teşekkür ederim.",TRENDYOLMİLLA Siyah Eteği Volanlı A Kesim Şifon Midi Astarlı Dokuma Elbise TWOSS22EL00733
20 Ekim 2022,Bilgi mevcut değil,Bilgi mevcut değil,Beden: 40,Çok güzel bir hediye oldu. Çok hızlı kargo. Teşekkür ederim,TRENDYOLMİLLA Siyah Eteği Volanlı A Kesim Şifon Midi Astarlı Dokuma Elbise TWOSS22EL00733
17 Ekim 2022,Bilgi mevcut değil,Bilgi mevcut değil,Beden: 38,klasik bir elbise,TRENDYOLMİLLA Siyah Eteği Volanlı A Kesim Şifon Midi Astarlı Dokuma Elbise TWOSS22EL00733
13 Ekim 2022,Bilgi mevcut değil,Bilgi mevcut değil,Beden: 38,elbise gerçketen üzerime tam oturdu çok rahat ve şık bir elbise,TRENDYOLMİLLA Siyah Eteği Volanlı A Kesim Şifon Midi Astarlı Dokuma Elbise TWOSS22EL00733
12 Ağustos 2022,Bilgi mevcut değil,Bilgi mevcut değil,Beden: 42,dün sipariş verdim bugün geldi. Çok teşekkür ederim.,TRENDYOLMİLLA Siyah Eteği Volanlı A Kesim Şifon Midi Astarlı Dokuma Elbise TWOSS22EL00733
11 Ağustos 2022,Bilgi mevcut değil,Bilgi mevcut değil,Beden: 40,kızıma aldım güzel sade ve şık bir elbise,TRENDYOLMİLLA Siyah Eteği Volanlı A Kesim Şifon Midi Astarlı Dokuma Elbise TWOSS22EL00733
10 Ağustos 2022,Bilgi mevcut değil,Bilgi mevcut değil,Beden: 38,Güzel sakin bir elbise çok sevdim,TRENDYOLMİLLA Siyah Eteği Volanlı A Kesim Şifon Midi Astarlı Dokuma Elbise TWOSS22EL00733
23 Temmuz 2022,Bilgi mevcut değil,Bilgi mevcut değil,Beden: 36,güzel ürün,TRENDYOLMİLLA Siyah Eteği Volanlı A Kesim Şifon Midi Astarlı Dokuma Elbise TWOSS22EL00733
21 Temmuz 2022,Bilgi mevcut değil,Bilgi mevcut değil,Beden: 40,her zaman kurtarıcı olacak bir elbise. fiyatı indirimde aldım memnunum.,TRENDYOLMİLLA Siyah Eteği Volanlı A Kesim Şifon Midi Astarlı Dokuma Elbise TWOSS22EL00733
19 Temmuz 2022,Bilgi mevcut değil,Bilgi mevcut değil,Beden: 40,"Güzel bir elbise, bedeni küçük geldiği için iade ettim, bir büyük bedeni gelince alacağım, teşekkür ederim trendyol, dikişler de bir sorun yok, satıcı firmayada teşekkür ederim.",TRENDYOLMİLLA Siyah Eteği Volanlı A Kesim Şifon Midi Astarlı Dokuma Elbise TWOSS22EL00733
19 Temmuz 2022,Bilgi mevcut değil,Bilgi mevcut değil,Beden: 40,57 kilo 1.59 boyundayım 38 beden sipariş verdim fakat çok dar oldu üstü kısmı özellikle iade ederek 40 beden aldim cok rahat oldu.Kesinlikle tavsiye ediyorum kurtarıcı parca.🌸👏,TRENDYOLMİLLA Siyah Eteği Volanlı A Kesim Şifon Midi Astarlı Dokuma Elbise TWOSS22EL00733
17 Temmuz 2022,Bilgi mevcut değil,Bilgi mevcut değil,Beden: 38,Boyum 1.68 mankendeki gibi dursaydı daha çok beğenecektim ama geri iade etmeyeceğim illa lazım olur,TRENDYOLMİLLA Siyah Eteği Volanlı A Kesim Şifon Midi Astarlı Dokuma Elbise TWOSS22EL00733
16 Temmuz 2022,Bilgi mevcut değil,Bilgi mevcut değil,Beden: 40,Şık bir ürün çok zarif sadece bedenleri sıkıntılı 40 sipariş verdim etiket 40 elbise 38 beden ama tam oldu.Kaliteli ve uygun fiyatlı,TRENDYOLMİLLA Siyah Eteği Volanlı A Kesim Şifon Midi Astarlı Dokuma Elbise TWOSS22EL00733
07 Temmuz 2022,Bilgi mevcut değil,Bilgi mevcut değil,Beden: 38,Kupon ile 110 liraya aldım çok zarif kurtarıcı bir elbise boy 170 kilo 58 M beden tam oldu,TRENDYOLMİLLA Siyah Eteği Volanlı A Kesim Şifon Midi Astarlı Dokuma Elbise TWOSS22EL00733
03 Temmuz 2022,Bilgi mevcut değil,Bilgi mevcut değil,Beden: 42,harika oldu tam kalıp teşekkürler beğenerek giyeceğim bu paraya çok iyi urun indirimden aldım birde kupon kullandım 109 tl ye geldi teşekkürler trendyolmilla,TRENDYOLMİLLA Siyah Eteği Volanlı A Kesim Şifon Midi Astarlı Dokuma Elbise TWOSS22EL00733
30 Haziran 2022,Bilgi mevcut değil,Bilgi mevcut değil,Beden: 38,Harika çok zarif bi elbise tam bedeninizi alın,TRENDYOLMİLLA Siyah Eteği Volanlı A Kesim Şifon Midi Astarlı Dokuma Elbise TWOSS22EL00733
27 Haziran 2022,Bilgi mevcut değil,Bilgi mevcut değil,Beden: 42,Çokk guzel Bi elbise beden 42 aldık fakat 38 beden gibi maalesef ondan dolayı iade ettim kargo süperr hızlı akşam söyledim sabah geldi teşekkür ederim,TRENDYOLMİLLA Siyah Eteği Volanlı A Kesim Şifon Midi Astarlı Dokuma Elbise TWOSS22EL00733
26 Haziran 2022,Bilgi mevcut değil,Bilgi mevcut değil,Beden: 38,çok kibar şık bir elbise çok beğendiğim oğlumun mezuniyet partisi için aldım 56 kilo ya 38 beden aldım çok ta güzel oldu arkadaşlarım çok beğendi,TRENDYOLMİLLA Siyah Eteği Volanlı A Kesim Şifon Midi Astarlı Dokuma Elbise TWOSS22EL00733
24 Haziran 2022,Bilgi mevcut değil,Bilgi mevcut değil,Beden: 42,çok zarif çok güzel bir elbise.. boyum 1.70 kilom 63 normalde 38 40 giyiyorum yorumlara bakarak 42 aldım ve tam oldu ne çok dar ne bol.. ben çok beğendim,TRENDYOLMİLLA Siyah Eteği Volanlı A Kesim Şifon Midi Astarlı Dokuma Elbise TWOSS22EL00733
24 Haziran 2022,Bilgi mevcut değil,Bilgi mevcut değil,Beden: 42,beğendim kurtarıcı bir elbise,TRENDYOLMİLLA Siyah Eteği Volanlı A Kesim Şifon Midi Astarlı Dokuma Elbise TWOSS22EL00733
23 Haziran 2022,Bilgi mevcut değil,Bilgi mevcut değil,Beden: 40,çok güzel abiye niyetine de giyilir. 170 boy 58 kiloya 38 dar geldi iade 40 tam uydu,TRENDYOLMİLLA Siyah Eteği Volanlı A Kesim Şifon Midi Astarlı Dokuma Elbise TWOSS22EL00733
23 Haziran 2022,Bilgi mevcut değil,Bilgi mevcut değil,Beden: 40,"Elbise çok güzel, modeli çok çok zarif. Kalıbı biraz dar gibi geldi bize. Ama model süper. Akşam sipariş verdik ertesi gün elimize ulaştı. Teşekkür ederiz Trendyolll",TRENDYOLMİLLA Siyah Eteği Volanlı A Kesim Şifon Midi Astarlı Dokuma Elbise TWOSS22EL00733
23 Haziran 2022,Bilgi mevcut değil,Bilgi mevcut değil,Beden: 42,Güzel elbise ama bir beden büyük alın,TRENDYOLMİLLA Siyah Eteği Volanlı A Kesim Şifon Midi Astarlı Dokuma Elbise TWOSS22EL00733
23 Haziran 2022,Bilgi mevcut değil,Bilgi mevcut değil,Beden: 38,"165 boy , 58 kilo 38 beden tam oldu , çok hoş zarif bir elbise",TRENDYOLMİLLA Siyah Eteği Volanlı A Kesim Şifon Midi Astarlı Dokuma Elbise TWOSS22EL00733
23 Haziran 2022,Bilgi mevcut değil,Bilgi mevcut değil,Beden: 40,"Zarif , harika.. Tavsiye ederim.. Rahat olsun derseniz bir beden büyük alın...Kalıp biraz dar ..",TRENDYOLMİLLA Siyah Eteği Volanlı A Kesim Şifon Midi Astarlı Dokuma Elbise TWOSS22EL00733
23 Haziran 2022,Bilgi mevcut değil,Bilgi mevcut değil,Beden: 40,Elbise guzel rahat tam beden alabilirsiniz sadrcr arka dikişte sorun var o yuzden 4 yildiz verdim,TRENDYOLMİLLA Siyah Eteği Volanlı A Kesim Şifon Midi Astarlı Dokuma Elbise TWOSS22EL00733
22 Haziran 2022,Bilgi mevcut değil,Bilgi mevcut değil,Beden: 40,güzel elbise,TRENDYOLMİLLA Siyah Eteği Volanlı A Kesim Şifon Midi Astarlı Dokuma Elbise TWOSS22EL00733
22 Haziran 2022,Bilgi mevcut değil,Bilgi mevcut değil,Beden: 42,Ürün çok güzel ama kalıbı küçük kesinlkşe 1 beden büyük alınmalı,TRENDYOLMİLLA Siyah Eteği Volanlı A Kesim Şifon Midi Astarlı Dokuma Elbise TWOSS22EL00733
22 Haziran 2022,Bilgi mevcut değil,Bilgi mevcut değil,Beden: 42,Kalıbı güzel fakat 1 beden büyüğünü alın göbek varsa,TRENDYOLMİLLA Siyah Eteği Volanlı A Kesim Şifon Midi Astarlı Dokuma Elbise TWOSS22EL00733
22 Haziran 2022,Bilgi mevcut değil,Bilgi mevcut değil,Beden: 40,ürün çok şık bedeninize göre alın ben çok beğendim,TRENDYOLMİLLA Siyah Eteği Volanlı A Kesim Şifon Midi Astarlı Dokuma Elbise TWOSS22EL00733
21 Haziran 2022,Bilgi mevcut değil,Bilgi mevcut değil,Beden: 42,üründe dikim hatası mevcut. Beden kalıbı kesinlikle 42 beden değil. Ayrıca ücret iadesi olan 50 TL'nin kartıma yansıtılmasını istiyoruz kupon olarak verilmesini kabul etmiyoruz.,TRENDYOLMİLLA Siyah Eteği Volanlı A Kesim Şifon Midi Astarlı Dokuma Elbise TWOSS22EL00733
21 Haziran 2022,Bilgi mevcut değil,Bilgi mevcut değil,Beden: 40,boyum 1.75 kilo 70 40 beden tam oldu esneyen bir kumaş değil bilginiz olsun ve zayıf gösteren şık bir elbise,TRENDYOLMİLLA Siyah Eteği Volanlı A Kesim Şifon Midi Astarlı Dokuma Elbise TWOSS22EL00733
21 Haziran 2022,Bilgi mevcut değil,Bilgi mevcut değil,Beden: 40,Fiat çok uygun ürün çok güzel tavsiye ederim,TRENDYOLMİLLA Siyah Eteği Volanlı A Kesim Şifon Midi Astarlı Dokuma Elbise TWOSS22EL00733
20 Haziran 2022,Bilgi mevcut değil,Bilgi mevcut değil,Beden: 42,fiyatina gore mukemmel bir elbise cok şık ve cok zarif duruyor bir beden buyuk aldim tam oldu kumasi kaliteside cok iyi tesekkurler trendyol,TRENDYOLMİLLA Siyah Eteği Volanlı A Kesim Şifon Midi Astarlı Dokuma Elbise TWOSS22EL00733
18 Haziran 2022,Bilgi mevcut değil,Bilgi mevcut değil,Beden: 42,Çok güzel alın alın alın çok zarif duruyor boy 170 kilo 75 42 aldım tam oluyor sadece belden oturtma olduğu için zor giyiliyor yoksa efsane 👌,TRENDYOLMİLLA Siyah Eteği Volanlı A Kesim Şifon Midi Astarlı Dokuma Elbise TWOSS22EL00733
17 Haziran 2022,Bilgi mevcut değil,Bilgi mevcut değil,Beden: 36,çok çok çok zarif.kendi bedeninizi almanızı öneririm.,TRENDYOLMİLLA Siyah Eteği Volanlı A Kesim Şifon Midi Astarlı Dokuma Elbise TWOSS22EL00733
16 Haziran 2022,Bilgi mevcut değil,Bilgi mevcut değil,Beden: 42,"Ürün gerçekten güzel lakin 1 beden büyük almama rağmen fermuarını kapatamadım. Fermuarı ince fermuarlardan ve dikiş yerinden başkasının yardımı olmadan ilerlemiyor. Tek yaşayan biriyim. Arkadaşımın nikahı için aldım ama arkasını kapatacak kimsem olmadığı için maalesef giyemeyeceğim. Onun dışında çok güzel. Bir gün arkasını kapatmama yardım edecek b
Devamını Oku",TRENDYOLMİLLA Siyah Eteği Volanlı A Kesim Şifon Midi Astarlı Dokuma Elbise TWOSS22EL00733
11 Haziran 2022,Bilgi mevcut değil,Bilgi mevcut değil,Beden: 36,Kizlar elbise yikiliyor alin aldirin. 1.60 boy 52 kilo 36 beden aldim belim ince oldugu icinn cokk hafif ama cok hfif bol oldu bayildim elbiseye ❤️❤️,TRENDYOLMİLLA Siyah Eteği Volanlı A Kesim Şifon Midi Astarlı Dokuma Elbise TWOSS22EL00733
08 Haziran 2022,Bilgi mevcut değil,Bilgi mevcut değil,Beden: 36,48kilo 36beden super ürün,TRENDYOLMİLLA Siyah Eteği Volanlı A Kesim Şifon Midi Astarlı Dokuma Elbise TWOSS22EL00733
07 Haziran 2022,Bilgi mevcut değil,Bilgi mevcut değil,Beden: 36,bayıldım 🌸🌸,TRENDYOLMİLLA Siyah Eteği Volanlı A Kesim Şifon Midi Astarlı Dokuma Elbise TWOSS22EL00733
06 Haziran 2022,Bilgi mevcut değil,Bilgi mevcut değil,Beden: 36,"158 boy ,47 kiloyum s beden tercih ettim oldu ,ürün harika sözüm için kullanacağım içiniz rahat alabilirsiniz :)2 gün önce sipariş ettim hemen teslim edildi satıcı ve kargo harika ✌️",TRENDYOLMİLLA Siyah Eteği Volanlı A Kesim Şifon Midi Astarlı Dokuma Elbise TWOSS22EL00733
25 Mayıs 2022,Bilgi mevcut değil,Bilgi mevcut değil,Beden: 38,İçinde astarı var günlük güzel bi elbise 1.60 boy 50 kilo 38 büyük geldi iade edip 36 alıcam,TRENDYOLMİLLA Siyah Eteği Volanlı A Kesim Şifon Midi Astarlı Dokuma Elbise TWOSS22EL00733
18 Mayıs 2022,Bilgi mevcut değil,Bilgi mevcut değil,Beden: 42,İndirimle 142 liraya aldım kumaşı dokusu gayet güzel.,TRENDYOLMİLLA Siyah Eteği Volanlı A Kesim Şifon Midi Astarlı Dokuma Elbise TWOSS22EL00733
14 Mayıs 2022,Bilgi mevcut değil,Bilgi mevcut değil,Beden: 40,Çok zarif bi elbise kuponla çok uyguna geldi 70 kiloyum 40 beden bi tık sıktı 42 alsam daha rahat olurdu,TRENDYOLMİLLA Siyah Eteği Volanlı A Kesim Şifon Midi Astarlı Dokuma Elbise TWOSS22EL00733
13 Mayıs 2022,Bilgi mevcut değil,Bilgi mevcut değil,Beden: 42,çeyizim için sipariş verdim 74 kiloyum 42 beden söyledim tam oldu. siyah güzel sade şifon bir elbise almak isteyen varsa bu fiyata kaçırmasın derim,TRENDYOLMİLLA Siyah Eteği Volanlı A Kesim Şifon Midi Astarlı Dokuma Elbise TWOSS22EL00733
12 Mayıs 2022,Bilgi mevcut değil,Bilgi mevcut değil,Beden: 38,Çok beğendim çok güzel bi ürün. 55 kilo 1.60 boy 38 beden tam oldu. 🤗,TRENDYOLMİLLA Siyah Eteği Volanlı A Kesim Şifon Midi Astarlı Dokuma Elbise TWOSS22EL00733
11 Mayıs 2022,Bilgi mevcut değil,Bilgi mevcut değil,Beden: 38,Elbise güzel ama kalıbı çok dar.1.62 boy 60 kilo m beden aldım aşırı dar oldu mecburen iade.,TRENDYOLMİLLA Siyah Eteği Volanlı A Kesim Şifon Midi Astarlı Dokuma Elbise TWOSS22EL00733
09 Mayıs 2022,Bilgi mevcut değil,Bilgi mevcut değil,Beden: 38,gayet güzel fiyatı da çok iyi. tam bedeninizi alabilirsiniz 163 boy 58 kilo 38 beden tam oldu. teşekkür ederim.,TRENDYOLMİLLA Siyah Eteği Volanlı A Kesim Şifon Midi Astarlı Dokuma Elbise TWOSS22EL00733
07 Mayıs 2022,Bilgi mevcut değil,Bilgi mevcut değil,Beden: 38,Elbise cok güzel kumaşı kaliteli baseni olanlar bir beden büyük alabilir 36 aldım olmadı 38 sipariş verdim,TRENDYOLMİLLA Siyah Eteği Volanlı A Kesim Şifon Midi Astarlı Dokuma Elbise TWOSS22EL00733
07 Ağustos 2024,Boy: 153cm,Kilo: 53kg,Beden: 34,Ürün göründüğü gibi ancak dikişleri çok kötü paketleme çok kötü geldi ancak kargo hızlıydı fiyatı hak etmiyor pazar malı,TRENDYOLMİLLA Siyah Eteği Volanlı A Kesim Şifon Midi Astarlı Dokuma Elbise TWOSS22EL00733
07 Ağustos 2024,Boy: 160cm,Kilo: 68kg,Beden: 42,elbisem göründüğü gibi geldi sorunsuz,TRENDYOLMİLLA Siyah Eteği Volanlı A Kesim Şifon Midi Astarlı Dokuma Elbise TWOSS22EL00733
29 Temmuz 2024,Boy: 160cm,Kilo: 52kg,Beden: 42,Elbise çok güzel ancak dikiş hatası var. İade edip tekrar alacağım,TRENDYOLMİLLA Siyah Eteği Volanlı A Kesim Şifon Midi Astarlı Dokuma Elbise TWOSS22EL00733
27 Temmuz 2024,Boy: 171cm,Kilo: 82kg,Beden: 44,rengi çok tatlı üzerinde çok güzel duruyor bayıldımmmmm o kadar dar değil normalde göğüs sıkıntısı çekerim ama olmadı 82 kilo boy 171,TRENDYOLMİLLA Siyah Eteği Volanlı A Kesim Şifon Midi Astarlı Dokuma Elbise TWOSS22EL00733
26 Temmuz 2024,Boy: 175cm,Kilo: 52kg,Beden: 42,annem için almıştım çok beğendi tam beden alınabilir çok tatlı bir elbise 🤍,TRENDYOLMİLLA Siyah Eteği Volanlı A Kesim Şifon Midi Astarlı Dokuma Elbise TWOSS22EL00733
26 Temmuz 2024,Boy: 183cm,Kilo: 93kg,Beden: 44,"Bu elbisenin kırmızısını severek kullandığımdan siyahını almak istedim, model olarak çok zarif sade şık bir elbise fakat dikişleri problemli. Sırt fermuar dikişleri yamuk. Fermuarın alt başlangıcı sol üst son kısmı sağa doğru ilerliyor. Cemiyet için alacaksacanız eğer tek seçenek bu elbise olmasın benim gibi zora düşmeyin.",TRENDYOLMİLLA Siyah Eteği Volanlı A Kesim Şifon Midi Astarlı Dokuma Elbise TWOSS22EL00733
24 Temmuz 2024,Boy: 163cm,Kilo: 60kg,Beden: 40,Ürünüm hatalı geldi ve kendime yakıştıramadım,TRENDYOLMİLLA Siyah Eteği Volanlı A Kesim Şifon Midi Astarlı Dokuma Elbise TWOSS22EL00733
23 Temmuz 2024,Boy: 170cm,Kilo: 65kg,Beden: 40,yırtık geldi iade,TRENDYOLMİLLA Siyah Eteği Volanlı A Kesim Şifon Midi Astarlı Dokuma Elbise TWOSS22EL00733
10 Temmuz 2024,Bilgi mevcut değil,Bilgi mevcut değil,Beden: 44,kolları çok uzun duruyor ve bedeni küçük geldi o yüzden iade ettim,TRENDYOLMİLLA Siyah Eteği Volanlı A Kesim Şifon Midi Astarlı Dokuma Elbise TWOSS22EL00733
12 Haziran 2024,Bilgi mevcut değil,Bilgi mevcut değil,Beden: 38,Kenarında çıkıntı gibi bir şey vardı ve kalıbı dar beğenmedim iade maalesef,TRENDYOLMİLLA Siyah Eteği Volanlı A Kesim Şifon Midi Astarlı Dokuma Elbise TWOSS22EL00733
27 Mayıs 2024,Bilgi mevcut değil,Bilgi mevcut değil,Beden: 42,dikişleri bi tuhaf. Ne düz ne yamuk gibi. düzeltiyorum önden düzeliyor arkadan yamuluyor,TRENDYOLMİLLA Siyah Eteği Volanlı A Kesim Şifon Midi Astarlı Dokuma Elbise TWOSS22EL00733
22 Mayıs 2024,Bilgi mevcut değil,Bilgi mevcut değil,Beden: 38,"kalça kenarlarında dikiş hataları var. bedeni sorunlu, normalde M beden giyiyorum aşırı geniş oldu. kumaşı ve duruşu hiç iyi değil, sırf üşendiğimden iade etmiyorum.",TRENDYOLMİLLA Siyah Eteği Volanlı A Kesim Şifon Midi Astarlı Dokuma Elbise TWOSS22EL00733
07 Mayıs 2024,Boy: 162cm,Kilo: 50kg,Beden: 36,mezuniyet için b planı olsun diye almıştım ve hiç beklentim yoktu ama aldığım asıl elbiseden çok daha güzel bunu giyicem cidden bu kadar güzel beklemiyodum düşünmeden alabilirsinizz,TRENDYOLMİLLA Siyah Eteği Volanlı A Kesim Şifon Midi Astarlı Dokuma Elbise TWOSS22EL00733
03 Mayıs 2024,Boy: 164cm,Kilo: 65kg,Beden: 42,Omuz kısmı geniş olan kişiler 1 beden büyük almalı çünkü kalıbı dar kesim . Kumaş kalitesi fena değil,TRENDYOLMİLLA Siyah Eteği Volanlı A Kesim Şifon Midi Astarlı Dokuma Elbise TWOSS22EL00733
11 Kasım 2023,Boy: 161cm,Kilo: 69kg,Beden: 42,dikişleri kalitesi çok kötü iade,TRENDYOLMİLLA Siyah Eteği Volanlı A Kesim Şifon Midi Astarlı Dokuma Elbise TWOSS22EL00733
05 Kasım 2023,Boy: 165cm,Kilo: 63kg,Beden: 40,Şık bi elbise,TRENDYOLMİLLA Siyah Eteği Volanlı A Kesim Şifon Midi Astarlı Dokuma Elbise TWOSS22EL00733
01 Kasım 2023,Boy: 169cm,Kilo: 59kg,Beden: 40,Fena değil,TRENDYOLMİLLA Siyah Eteği Volanlı A Kesim Şifon Midi Astarlı Dokuma Elbise TWOSS22EL00733
18 Ekim 2023,Boy: 165cm,Kilo: 75kg,Beden: 42,Dar kalıbı var kumaşını çok beğenmedim pamuklu değil,TRENDYOLMİLLA Siyah Eteği Volanlı A Kesim Şifon Midi Astarlı Dokuma Elbise TWOSS22EL00733
09 Ekim 2023,Boy: 172cm,Kilo: 55kg,Beden: 36,çok çok güzel çok şık,TRENDYOLMİLLA Siyah Eteği Volanlı A Kesim Şifon Midi Astarlı Dokuma Elbise TWOSS22EL00733
06 Ekim 2023,Boy: 158cm,Kilo: 60kg,Beden: 40,ben çok beğendim satıcıya teşekkür ederim 💖,TRENDYOLMİLLA Siyah Eteği Volanlı A Kesim Şifon Midi Astarlı Dokuma Elbise TWOSS22EL00733
06 Ekim 2023,Boy: 175cm,Kilo: 85kg,Beden: 40,Harika ürün,TRENDYOLMİLLA Siyah Eteği Volanlı A Kesim Şifon Midi Astarlı Dokuma Elbise TWOSS22EL00733
02 Ekim 2023,Bilgi mevcut değil,Bilgi mevcut değil,Bilgi mevcut değil,Aşırı güzel bir elbise vücütta da güzel duruyor ama bana büyük geldiği için iade ettim.,TRENDYOLMİLLA Siyah Eteği Volanlı A Kesim Şifon Midi Astarlı Dokuma Elbise TWOSS22EL00733
25 Eylül 2023,Bilgi mevcut değil,Bilgi mevcut değil,Beden: 40,güzel ürün,TRENDYOLMİLLA Siyah Eteği Volanlı A Kesim Şifon Midi Astarlı Dokuma Elbise TWOSS22EL00733
05 Ağustos 2023,Boy: 160cm,Kilo: 59kg,Bilgi mevcut değil,çok beğenerek giydim 59 kiloya m beden tam oldu,TRENDYOLMİLLA Siyah Eteği Volanlı A Kesim Şifon Midi Astarlı Dokuma Elbise TWOSS22EL00733
26 Temmuz 2023,Bilgi mevcut değil,Bilgi mevcut değil,Bilgi mevcut değil,elbise güzel ama çok dar kalıp 160 boy 68 kiloyum L beden almama rağmen s beden gibi dar geldi malesef iade,TRENDYOLMİLLA Siyah Eteği Volanlı A Kesim Şifon Midi Astarlı Dokuma Elbise TWOSS22EL00733
22 Temmuz 2023,Bilgi mevcut değil,Bilgi mevcut değil,Bilgi mevcut değil,ürünüm bir gün sonra teslim edildi hızlı teslimat için teşekkür ederim,TRENDYOLMİLLA Siyah Eteği Volanlı A Kesim Şifon Midi Astarlı Dokuma Elbise TWOSS22EL00733
09 Temmuz 2023,Boy: 178cm,Kilo: 92kg,Bilgi mevcut değil,ürün beden konusunda 1beden büyük alınmalı. duruşu çok kibar fiyat performans ürünü,TRENDYOLMİLLA Siyah Eteği Volanlı A Kesim Şifon Midi Astarlı Dokuma Elbise TWOSS22EL00733
29 Haziran 2023,Boy: 168cm,Kilo: 72kg,Bilgi mevcut değil,Kalıbı dar iade ettim,TRENDYOLMİLLA Siyah Eteği Volanlı A Kesim Şifon Midi Astarlı Dokuma Elbise TWOSS22EL00733
28 Haziran 2023,Bilgi mevcut değil,Bilgi mevcut değil,Bilgi mevcut değil,fıyatına gore guzel,TRENDYOLMİLLA Siyah Eteği Volanlı A Kesim Şifon Midi Astarlı Dokuma Elbise TWOSS22EL00733
27 Haziran 2023,Bilgi mevcut değil,Bilgi mevcut değil,Bilgi mevcut değil,çok güzel ve şık tavsiye ederim,TRENDYOLMİLLA Siyah Eteği Volanlı A Kesim Şifon Midi Astarlı Dokuma Elbise TWOSS22EL00733
27 Haziran 2023,Boy: 168cm,Kilo: 69kg,Bilgi mevcut değil,Çok güzel bi elbise. Tam beden alabilirsiniz.,TRENDYOLMİLLA Siyah Eteği Volanlı A Kesim Şifon Midi Astarlı Dokuma Elbise TWOSS22EL00733
26 Haziran 2023,Boy: 167cm,Kilo: 67kg,Bilgi mevcut değil,Anneme aldım 156 boy 65 kilo,TRENDYOLMİLLA Siyah Eteği Volanlı A Kesim Şifon Midi Astarlı Dokuma Elbise TWOSS22EL00733
24 Haziran 2023,Bilgi mevcut değil,Bilgi mevcut değil,Bilgi mevcut değil,ürün çok güzel geldi çok beğendim fakat bana olmadı oyuzden geri iade etmek zorunda kaldım ve bu durumdan ötürü üzüldüm 44 bedeni olsaydı degistirecektim ama 😔,TRENDYOLMİLLA Siyah Eteği Volanlı A Kesim Şifon Midi Astarlı Dokuma Elbise TWOSS22EL00733
24 Haziran 2023,Boy: 173cm,Kilo: 57kg,Bilgi mevcut değil,boy 162 kilo 64 38 beden tam oldu .,TRENDYOLMİLLA Siyah Eteği Volanlı A Kesim Şifon Midi Astarlı Dokuma Elbise TWOSS22EL00733
24 Haziran 2023,Bilgi mevcut değil,Bilgi mevcut değil,Bilgi mevcut değil,Kargo çok hızlı ürün çok güzel tam bedeninizi alabilirsiniz,TRENDYOLMİLLA Siyah Eteği Volanlı A Kesim Şifon Midi Astarlı Dokuma Elbise TWOSS22EL00733
23 Haziran 2023,Bilgi mevcut değil,Bilgi mevcut değil,Bilgi mevcut değil,anneme aldım çok zarif bir beden büyük tercih edilebilir,TRENDYOLMİLLA Siyah Eteği Volanlı A Kesim Şifon Midi Astarlı Dokuma Elbise TWOSS22EL00733
21 Haziran 2023,Boy: 162cm,Kilo: 52kg,Bilgi mevcut değil,beğendim boy 1.62 kilo 52 duruşu böyle,TRENDYOLMİLLA Siyah Eteği Volanlı A Kesim Şifon Midi Astarlı Dokuma Elbise TWOSS22EL00733
20 Haziran 2023,Bilgi mevcut değil,Bilgi mevcut değil,Bilgi mevcut değil,şık bir elbise ancak bir beden büyük alınmalı,TRENDYOLMİLLA Siyah Eteği Volanlı A Kesim Şifon Midi Astarlı Dokuma Elbise TWOSS22EL00733
20 Haziran 2023,Bilgi mevcut değil,Bilgi mevcut değil,Bilgi mevcut değil,fena değil..,TRENDYOLMİLLA Siyah Eteği Volanlı A Kesim Şifon Midi Astarlı Dokuma Elbise TWOSS22EL00733
19 Haziran 2023,Boy: 168cm,Kilo: 70kg,Bilgi mevcut değil,70 kilo 1.67 boyundayım. 40 beden aldım gayet güzel oldu. çok memnun kaldım,TRENDYOLMİLLA Siyah Eteği Volanlı A Kesim Şifon Midi Astarlı Dokuma Elbise TWOSS22EL00733
17 Haziran 2023,Boy: 163cm,Kilo: 60kg,Bilgi mevcut değil,Ürün güzel ama dikiş hataları var sürekli yukarı toparlanma yapıyor tül kısmı iade ettim,TRENDYOLMİLLA Siyah Eteği Volanlı A Kesim Şifon Midi Astarlı Dokuma Elbise TWOSS22EL00733
17 Haziran 2023,Bilgi mevcut değil,Bilgi mevcut değil,Bilgi mevcut değil,Ürünü aldım kargo ve paketleme gayet güzel teşekkürler,TRENDYOLMİLLA Siyah Eteği Volanlı A Kesim Şifon Midi Astarlı Dokuma Elbise TWOSS22EL00733
17 Haziran 2023,Bilgi mevcut değil,Bilgi mevcut değil,Bilgi mevcut değil,"çok zarif duran bir elbise ,tam beden",TRENDYOLMİLLA Siyah Eteği Volanlı A Kesim Şifon Midi Astarlı Dokuma Elbise TWOSS22EL00733
16 Haziran 2023,Bilgi mevcut değil,Bilgi mevcut değil,Bilgi mevcut değil,kalıbı dar,TRENDYOLMİLLA Siyah Eteği Volanlı A Kesim Şifon Midi Astarlı Dokuma Elbise TWOSS22EL00733
15 Haziran 2023,Boy: 160cm,Kilo: 48kg,Bilgi mevcut değil,Güzel şık begendim,TRENDYOLMİLLA Siyah Eteği Volanlı A Kesim Şifon Midi Astarlı Dokuma Elbise TWOSS22EL00733
15 Haziran 2023,Boy: 168cm,Kilo: 74kg,Bilgi mevcut değil,Çok beğendim,TRENDYOLMİLLA Siyah Eteği Volanlı A Kesim Şifon Midi Astarlı Dokuma Elbise TWOSS22EL00733
15 Haziran 2023,Bilgi mevcut değil,Bilgi mevcut değil,Bilgi mevcut değil,Beden olmadı,TRENDYOLMİLLA Siyah Eteği Volanlı A Kesim Şifon Midi Astarlı Dokuma Elbise TWOSS22EL00733
15 Haziran 2023,Boy: 164cm,Kilo: 51kg,Bilgi mevcut değil,güzel ama bi tarafın dikişini yanlış yapmışlar ona göre alın,TRENDYOLMİLLA Siyah Eteği Volanlı A Kesim Şifon Midi Astarlı Dokuma Elbise TWOSS22EL00733
15 Haziran 2023,Bilgi mevcut değil,Bilgi mevcut değil,Bilgi mevcut değil,cenaze için ideal bi seçim,TRENDYOLMİLLA Siyah Eteği Volanlı A Kesim Şifon Midi Astarlı Dokuma Elbise TWOSS22EL00733
14 Haziran 2023,Bilgi mevcut değil,Bilgi mevcut değil,Bilgi mevcut değil,"Çok güzel ve rahat her yere giyilebilir, bir beden büyük alınabilir.",TRENDYOLMİLLA Siyah Eteği Volanlı A Kesim Şifon Midi Astarlı Dokuma Elbise TWOSS22EL00733
14 Haziran 2023,Bilgi mevcut değil,Bilgi mevcut değil,Bilgi mevcut değil,inanılmaz güzel kalıp tam beden 🥰,TRENDYOLMİLLA Siyah Eteği Volanlı A Kesim Şifon Midi Astarlı Dokuma Elbise TWOSS22EL00733
13 Haziran 2023,Bilgi mevcut değil,Bilgi mevcut değil,Bilgi mevcut değil,"Elbise çok güzel, biraz kalıbı dar",TRENDYOLMİLLA Siyah Eteği Volanlı A Kesim Şifon Midi Astarlı Dokuma Elbise TWOSS22EL00733
13 Haziran 2023,Boy: 160cm,Kilo: 70kg,Bilgi mevcut değil,Model olarak çok güzel bir beden büyük tercih edebilirsiniz dar kalıp,TRENDYOLMİLLA Siyah Eteği Volanlı A Kesim Şifon Midi Astarlı Dokuma Elbise TWOSS22EL00733
13 Haziran 2023,Bilgi mevcut değil,Bilgi mevcut değil,Bilgi mevcut değil,Kalını dar bir beden büyük aldım onun dışında duruşu çok güzel iç göstermiyor rahatça giyebileceğiniz bir elbise,TRENDYOLMİLLA Siyah Eteği Volanlı A Kesim Şifon Midi Astarlı Dokuma Elbise TWOSS22EL00733
12 Haziran 2023,Bilgi mevcut değil,Bilgi mevcut değil,Bilgi mevcut değil,beklediğimden çok daha güzel durdu kesinlikle. fiyat performans ürünü,TRENDYOLMİLLA Siyah Eteği Volanlı A Kesim Şifon Midi Astarlı Dokuma Elbise TWOSS22EL00733
11 Haziran 2023,Bilgi mevcut değil,Bilgi mevcut değil,Bilgi mevcut değil,bayıldım gerçekten hem kumaşı hem duruşu harika,TRENDYOLMİLLA Siyah Eteği Volanlı A Kesim Şifon Midi Astarlı Dokuma Elbise TWOSS22EL00733
10 Haziran 2023,Boy: 155cm,Kilo: 65kg,Bilgi mevcut değil,bedeni küçük oldu iade ettim ama çok güzel elbise,TRENDYOLMİLLA Siyah Eteği Volanlı A Kesim Şifon Midi Astarlı Dokuma Elbise TWOSS22EL00733
10 Haziran 2023,Boy: 160cm,Kilo: 64kg,Bilgi mevcut değil,Bir 160 boy 64 kg tam oldu kumaşı fermuar dikimi güzeldi ben önüne ince bir taş yaptım daha şık durdu hafif bol olmasını istiyorduk hafif bol oldu,TRENDYOLMİLLA Siyah Eteği Volanlı A Kesim Şifon Midi Astarlı Dokuma Elbise TWOSS22EL00733
10 Haziran 2023,Bilgi mevcut değil,Bilgi mevcut değil,Bilgi mevcut değil,Ürün çok güzel eğer üstüne ze oturmasini istiyorsanız bi beden küçük alın süper duruyo baya beğendim 3 günde elime ulaştı baya şık bı elbise 42 kg 1.54 beden uzerimdeki 34 (XS) beden,TRENDYOLMİLLA Siyah Eteği Volanlı A Kesim Şifon Midi Astarlı Dokuma Elbise TWOSS22EL00733
09 Haziran 2023,Boy: 155cm,Kilo: 42kg,Bilgi mevcut değil,muhteşem teşekkürler,TRENDYOLMİLLA Siyah Eteği Volanlı A Kesim Şifon Midi Astarlı Dokuma Elbise TWOSS22EL00733
09 Haziran 2023,Boy: 168cm,Kilo: 61kg,Bilgi mevcut değil,elbise çok zarif kumaşı da çok iyi,TRENDYOLMİLLA Siyah Eteği Volanlı A Kesim Şifon Midi Astarlı Dokuma Elbise TWOSS22EL00733
08 Haziran 2023,Bilgi mevcut değil,Bilgi mevcut değil,Bilgi mevcut değil,elbise tam oldu çok güzel bayıldım,TRENDYOLMİLLA Siyah Eteği Volanlı A Kesim Şifon Midi Astarlı Dokuma Elbise TWOSS22EL00733
08 Haziran 2023,Bilgi mevcut değil,Bilgi mevcut değil,Bilgi mevcut değil,kalitesine bayıldım,TRENDYOLMİLLA Siyah Eteği Volanlı A Kesim Şifon Midi Astarlı Dokuma Elbise TWOSS22EL00733
08 Haziran 2023,Boy: 165cm,Kilo: 55kg,Bilgi mevcut değil,ürün güzel ben geç sipariş ettim 3gunde geldi ben elbiseyi bu kadar uzun olcagini zanetmedim ama yine bu fiyata göre mükemmel 1beden büyük alinmali,TRENDYOLMİLLA Siyah Eteği Volanlı A Kesim Şifon Midi Astarlı Dokuma Elbise TWOSS22EL00733
07 Haziran 2023,Boy: 165cm,Kilo: 55kg,Bilgi mevcut değil,Süper bi elbise kesinlikle tavsiye ediyorum,TRENDYOLMİLLA Siyah Eteği Volanlı A Kesim Şifon Midi Astarlı Dokuma Elbise TWOSS22EL00733
06 Haziran 2023,Boy: 155cm,Kilo: 55kg,Bilgi mevcut değil,Çok zarif ve şık bir elbise. 1.58 55 kilo 38 beden tam oldu.,TRENDYOLMİLLA Siyah Eteği Volanlı A Kesim Şifon Midi Astarlı Dokuma Elbise TWOSS22EL00733
06 Haziran 2023,Bilgi mevcut değil,Bilgi mevcut değil,Bilgi mevcut değil,Anneme aldım düğünde giyecek çok güzel bir model bayıldık,TRENDYOLMİLLA Siyah Eteği Volanlı A Kesim Şifon Midi Astarlı Dokuma Elbise TWOSS22EL00733
06 Haziran 2023,Boy: 155cm,Kilo: 65kg,Bilgi mevcut değil,Severek giyiniyorum,TRENDYOLMİLLA Siyah Eteği Volanlı A Kesim Şifon Midi Astarlı Dokuma Elbise TWOSS22EL00733
04 Haziran 2023,Bilgi mevcut değil,Bilgi mevcut değil,Bilgi mevcut değil,163 boy 63 kiloyum 38 bedeni biraz sıktı 40 bedende bol oldu belden üstüm daha incedir ama kumaşı duruşu falan güzel,TRENDYOLMİLLA Siyah Eteği Volanlı A Kesim Şifon Midi Astarlı Dokuma Elbise TWOSS22EL00733
04 Haziran 2023,Bilgi mevcut değil,Bilgi mevcut değil,Bilgi mevcut değil,cok güzel cok beğendim,TRENDYOLMİLLA Siyah Eteği Volanlı A Kesim Şifon Midi Astarlı Dokuma Elbise TWOSS22EL00733
02 Haziran 2023,Boy: 158cm,Kilo: 75kg,Bilgi mevcut değil,Çok kullanişli harika bir ürün giy özel güne git ardaşın düğüne nişana özel güne mis gibi boneonun tavsiyele aldim,TRENDYOLMİLLA Siyah Eteği Volanlı A Kesim Şifon Midi Astarlı Dokuma Elbise TWOSS22EL00733
02 Haziran 2023,Bilgi mevcut değil,Bilgi mevcut değil,Bilgi mevcut değil,Buyuk oldu ıade ettım,TRENDYOLMİLLA Siyah Eteği Volanlı A Kesim Şifon Midi Astarlı Dokuma Elbise TWOSS22EL00733
02 Haziran 2023,Bilgi mevcut değil,Bilgi mevcut değil,Bilgi mevcut değil,"Kalıbı biraz pot durdu. iade ettim, ancak kolları filan çok şık",TRENDYOLMİLLA Siyah Eteği Volanlı A Kesim Şifon Midi Astarlı Dokuma Elbise TWOSS22EL00733
25 Mayıs 2023,Bilgi mevcut değil,Bilgi mevcut değil,Bilgi mevcut değil,kemer takarak kullandım 160/60 kiloyum duruşu bu şekilde gayet hoş,TRENDYOLMİLLA Siyah Eteği Volanlı A Kesim Şifon Midi Astarlı Dokuma Elbise TWOSS22EL00733
24 Mayıs 2023,Boy: 165cm,Kilo: 50kg,Bilgi mevcut değil,Kardeşim kendine aldı tam oldu çok güzel şık bir elbise,TRENDYOLMİLLA Siyah Eteği Volanlı A Kesim Şifon Midi Astarlı Dokuma Elbise TWOSS22EL00733
24 Mayıs 2023,Bilgi mevcut değil,Bilgi mevcut değil,Bilgi mevcut değil,Güzel durmadı iade,TRENDYOLMİLLA Siyah Eteği Volanlı A Kesim Şifon Midi Astarlı Dokuma Elbise TWOSS22EL00733
18 Mayıs 2023,Bilgi mevcut değil,Bilgi mevcut değil,Bilgi mevcut değil,Çok zarif bir elbise 65 kilo 1.60 boy 40 beden tam oldu paketleme de güzeldi,TRENDYOLMİLLA Siyah Eteği Volanlı A Kesim Şifon Midi Astarlı Dokuma Elbise TWOSS22EL00733
16 Mayıs 2023,Bilgi mevcut değil,Bilgi mevcut değil,Bilgi mevcut değil,güzel ve kullanışlı,TRENDYOLMİLLA Siyah Eteği Volanlı A Kesim Şifon Midi Astarlı Dokuma Elbise TWOSS22EL00733
13 Mayıs 2023,Bilgi mevcut değil,Bilgi mevcut değil,Bilgi mevcut değil,Güzel ürün,TRENDYOLMİLLA Siyah Eteği Volanlı A Kesim Şifon Midi Astarlı Dokuma Elbise TWOSS22EL00733
13 Mayıs 2023,Bilgi mevcut değil,Bilgi mevcut değil,Bilgi mevcut değil,Kaliteli mükemmel,TRENDYOLMİLLA Siyah Eteği Volanlı A Kesim Şifon Midi Astarlı Dokuma Elbise TWOSS22EL00733
11 Mayıs 2023,Bilgi mevcut değil,Bilgi mevcut değil,Bilgi mevcut değil,Göründüğü gibi çok güzel ve zarif. Hızlı kargo için teşekkür ederim,TRENDYOLMİLLA Siyah Eteği Volanlı A Kesim Şifon Midi Astarlı Dokuma Elbise TWOSS22EL00733
09 Mayıs 2023,Bilgi mevcut değil,Bilgi mevcut değil,Bilgi mevcut değil,dar kalıp bir beden büyük alınabilir,TRENDYOLMİLLA Siyah Eteği Volanlı A Kesim Şifon Midi Astarlı Dokuma Elbise TWOSS22EL00733
05 Mayıs 2023,Bilgi mevcut değil,Bilgi mevcut değil,Bilgi mevcut değil,Çok güzel bir elbiseee,TRENDYOLMİLLA Siyah Eteği Volanlı A Kesim Şifon Midi Astarlı Dokuma Elbise TWOSS22EL00733
05 Mayıs 2023,Bilgi mevcut değil,Bilgi mevcut değil,Bilgi mevcut değil,ürün güzel ancak 42 bedeni 38 40 gibi olmadı,TRENDYOLMİLLA Siyah Eteği Volanlı A Kesim Şifon Midi Astarlı Dokuma Elbise TWOSS22EL00733
04 Mayıs 2023,Bilgi mevcut değil,Bilgi mevcut değil,Bilgi mevcut değil,Beğendik aşırı hanımefendi birbelbise,TRENDYOLMİLLA Siyah Eteği Volanlı A Kesim Şifon Midi Astarlı Dokuma Elbise TWOSS22EL00733
03 Mayıs 2023,Boy: 168cm,Kilo: 58kg,Bilgi mevcut değil,40 beden sipariş verdim biraz büyük ama olsun bedenim 38 normalde yorumlara bakarak bir beden büyük aldım bence tam beden alınmalı,TRENDYOLMİLLA Siyah Eteği Volanlı A Kesim Şifon Midi Astarlı Dokuma Elbise TWOSS22EL00733
03 Mayıs 2023,Bilgi mevcut değil,Bilgi mevcut değil,Bilgi mevcut değil,Elbise gelseydi deneyimlerimizi yazacaktım ancak yolda gelirken geri gitti durumu anlamadım.,TRENDYOLMİLLA Siyah Eteği Volanlı A Kesim Şifon Midi Astarlı Dokuma Elbise TWOSS22EL00733
01 Mayıs 2023,Bilgi mevcut değil,Bilgi mevcut değil,Bilgi mevcut değil,Çok güzel elbise çok beğendim,TRENDYOLMİLLA Siyah Eteği Volanlı A Kesim Şifon Midi Astarlı Dokuma Elbise TWOSS22EL00733
27 Nisan 2023,Boy: 165cm,Kilo: 110kg,Bilgi mevcut değil,Elbise çok güzel bana dar geldiği için iade ettim ama kalitesi falan çok iyiydi,TRENDYOLMİLLA Siyah Eteği Volanlı A Kesim Şifon Midi Astarlı Dokuma Elbise TWOSS22EL00733
26 Nisan 2023,Bilgi mevcut değil,Bilgi mevcut değil,Bilgi mevcut değil,elbise okadar güzelki istediğim her yere uyuyor ve her yerde giyiyorum,TRENDYOLMİLLA Siyah Eteği Volanlı A Kesim Şifon Midi Astarlı Dokuma Elbise TWOSS22EL00733
26 Nisan 2023,Boy: 163cm,Kilo: 73kg,Bilgi mevcut değil,Çok güzel çokk kibar bir elbise. Bayramda giymek için aldım. Herkes bayıldı. Ben önce 40 beden aldım ama biraz dar oldu . 42 beden tam ve rahat oldu. 1.63 boy 73 kiloyum.,TRENDYOLMİLLA Siyah Eteği Volanlı A Kesim Şifon Midi Astarlı Dokuma Elbise TWOSS22EL00733
26 Nisan 2023,Bilgi mevcut değil,Bilgi mevcut değil,Bilgi mevcut değil,üzerinizde harika duran Bi elbise fiyatı da uygun hanım hanımcık çok şık Bi elbise,TRENDYOLMİLLA Siyah Eteği Volanlı A Kesim Şifon Midi Astarlı Dokuma Elbise TWOSS22EL00733
25 Nisan 2023,Bilgi mevcut değil,Bilgi mevcut değil,Bilgi mevcut değil,yegenlerim icin aldik. cok memnunlar. elbise tam kalip . kendi bedeninizi alabilirsiniz.,TRENDYOLMİLLA Siyah Eteği Volanlı A Kesim Şifon Midi Astarlı Dokuma Elbise TWOSS22EL00733
24 Nisan 2023,Bilgi mevcut değil,Bilgi mevcut değil,Bilgi mevcut değil,güzel bir elbise kargo da gecikmedi hep m beden giydiğim halde aşırı dar oldu.,TRENDYOLMİLLA Siyah Eteği Volanlı A Kesim Şifon Midi Astarlı Dokuma Elbise TWOSS22EL00733
23 Nisan 2023,Boy: 169cm,Kilo: 72kg,Bilgi mevcut değil,Çok şık bir elbise tercih edebilirsiniz,TRENDYOLMİLLA Siyah Eteği Volanlı A Kesim Şifon Midi Astarlı Dokuma Elbise TWOSS22EL00733
21 Nisan 2023,Bilgi mevcut değil,Bilgi mevcut değil,Bilgi mevcut değil,Çok güzel severek kullanıyorum,TRENDYOLMİLLA Siyah Eteği Volanlı A Kesim Şifon Midi Astarlı Dokuma Elbise TWOSS22EL00733
15 Nisan 2023,Bilgi mevcut değil,Bilgi mevcut değil,Bilgi mevcut değil,"Ürünü Perşembe ile Cuma günü arasında olan gecede sipariş ettim. Cuma günü öğleden sonra elimdeydi. İnanılmaz hızlı geldi, hala şaşkınım. Elbise çok güzel ben sevdim. Arkadaşımın düğünü için aldım. 1.60 boy 74 kiloyum 42 beden aldım tam oldu.",TRENDYOLMİLLA Siyah Eteği Volanlı A Kesim Şifon Midi Astarlı Dokuma Elbise TWOSS22EL00733
15 Nisan 2023,Bilgi mevcut değil,Bilgi mevcut değil,Bilgi mevcut değil,güzel ürün,TRENDYOLMİLLA Siyah Eteği Volanlı A Kesim Şifon Midi Astarlı Dokuma Elbise TWOSS22EL00733
15 Nisan 2023,Bilgi mevcut değil,Bilgi mevcut değil,Bilgi mevcut değil,Çok güzel harika mutlaka alım,TRENDYOLMİLLA Siyah Eteği Volanlı A Kesim Şifon Midi Astarlı Dokuma Elbise TWOSS22EL00733
12 Nisan 2023,Bilgi mevcut değil,Bilgi mevcut değil,Bilgi mevcut değil,Yeni gelin elbisesi çok güzel,TRENDYOLMİLLA Siyah Eteği Volanlı A Kesim Şifon Midi Astarlı Dokuma Elbise TWOSS22EL00733
09 Nisan 2023,Bilgi mevcut değil,Bilgi mevcut değil,Bilgi mevcut değil,Güzel ve şık bir elbise kesinlikle kurtarıcı olabilir ama bana yakışmadığı için iade,TRENDYOLMİLLA Siyah Eteği Volanlı A Kesim Şifon Midi Astarlı Dokuma Elbise TWOSS22EL00733
09 Nisan 2023,Bilgi mevcut değil,Bilgi mevcut değil,Beden: 38,bedeninizi aynı alin tam olur dökümü kumaşı çok guzel,TRENDYOLMİLLA Siyah Eteği Volanlı A Kesim Şifon Midi Astarlı Dokuma Elbise TWOSS22EL00733
08 Nisan 2023,Bilgi mevcut değil,Bilgi mevcut değil,Beden: 42,ürün gayet güzel fakat 58 kiloya l beden dar geldi xl siparişi vereceğim,TRENDYOLMİLLA Siyah Eteği Volanlı A Kesim Şifon Midi Astarlı Dokuma Elbise TWOSS22EL00733
05 Nisan 2023,Bilgi mevcut değil,Bilgi mevcut değil,Beden: 36,1.60 boy 55 kilo 36 beden oldu boyuda dizin biraz altında kalıyor. Güzel bir elbise özel günlerde çok şık duruyor,TRENDYOLMİLLA Siyah Eteği Volanlı A Kesim Şifon Midi Astarlı Dokuma Elbise TWOSS22EL00733
05 Nisan 2023,Bilgi mevcut değil,Bilgi mevcut değil,Beden: 42,Bir beden büyük almanızı tavsiye ederim,TRENDYOLMİLLA Siyah Eteği Volanlı A Kesim Şifon Midi Astarlı Dokuma Elbise TWOSS22EL00733
03 Nisan 2023,Bilgi mevcut değil,Bilgi mevcut değil,Beden: 42,cok guzel bir urun,TRENDYOLMİLLA Siyah Eteği Volanlı A Kesim Şifon Midi Astarlı Dokuma Elbise TWOSS22EL00733
23 Mart 2023,Bilgi mevcut değil,Bilgi mevcut değil,Beden: 40,Şifon güzel bir ürün teşekkürler bir 70 boy 65kilo m beden aldım,TRENDYOLMİLLA Siyah Eteği Volanlı A Kesim Şifon Midi Astarlı Dokuma Elbise TWOSS22EL00733
19 Mart 2023,Bilgi mevcut değil,Bilgi mevcut değil,Beden: 42,Duruşu çokk güzel ve zarif bir elbise. Severek kullanıyorum,TRENDYOLMİLLA Siyah Eteği Volanlı A Kesim Şifon Midi Astarlı Dokuma Elbise TWOSS22EL00733
16 Mart 2023,Bilgi mevcut değil,Bilgi mevcut değil,Beden: 40,kurtarıcı şık bir elbise. 1 beden büyük daha rahat oldu,TRENDYOLMİLLA Siyah Eteği Volanlı A Kesim Şifon Midi Astarlı Dokuma Elbise TWOSS22EL00733
08 Ocak 2023,Bilgi mevcut değil,Bilgi mevcut değil,Beden: 42,Tirl tril şık şıkıdım bir elbise,TRENDYOLMİLLA Siyah Eteği Volanlı A Kesim Şifon Midi Astarlı Dokuma Elbise TWOSS22EL00733
26 Aralık 2022,Bilgi mevcut değil,Bilgi mevcut değil,Beden: 38,Yani güzel sade bi elbise 1.70 boy 60 kilo m beden güzel oldu,TRENDYOLMİLLA Siyah Eteği Volanlı A Kesim Şifon Midi Astarlı Dokuma Elbise TWOSS22EL00733
05 Aralık 2022,Bilgi mevcut değil,Bilgi mevcut değil,Beden: 42,Çok teşekkür ederim,TRENDYOLMİLLA Siyah Eteği Volanlı A Kesim Şifon Midi Astarlı Dokuma Elbise TWOSS22EL00733
04 Aralık 2022,Bilgi mevcut değil,Bilgi mevcut değil,Beden: 38,164 boy 58 kilo s beden tam oldu,TRENDYOLMİLLA Siyah Eteği Volanlı A Kesim Şifon Midi Astarlı Dokuma Elbise TWOSS22EL00733
03 Aralık 2022,Bilgi mevcut değil,Bilgi mevcut değil,Beden: 38,Basarılı ürün,TRENDYOLMİLLA Siyah Eteği Volanlı A Kesim Şifon Midi Astarlı Dokuma Elbise TWOSS22EL00733
29 Kasım 2022,Bilgi mevcut değil,Bilgi mevcut değil,Beden: 34,sade bir elbise beğenerek giyiyorum,TRENDYOLMİLLA Siyah Eteği Volanlı A Kesim Şifon Midi Astarlı Dokuma Elbise TWOSS22EL00733
28 Kasım 2022,Bilgi mevcut değil,Bilgi mevcut değil,Beden: 40,Çok çok çok beğendim,TRENDYOLMİLLA Siyah Eteği Volanlı A Kesim Şifon Midi Astarlı Dokuma Elbise TWOSS22EL00733
28 Kasım 2022,Bilgi mevcut değil,Bilgi mevcut değil,Beden: 42,"Basic bir elbise, dolaplarda bulunmasında yarar var..",TRENDYOLMİLLA Siyah Eteği Volanlı A Kesim Şifon Midi Astarlı Dokuma Elbise TWOSS22EL00733
28 Kasım 2022,Bilgi mevcut değil,Bilgi mevcut değil,Beden: 42,Elbise güzel zarif. beden tablosunda gogus ve bel olcusune bakarak tam beden almalisiniz.,TRENDYOLMİLLA Siyah Eteği Volanlı A Kesim Şifon Midi Astarlı Dokuma Elbise TWOSS22EL00733
26 Kasım 2022,Bilgi mevcut değil,Bilgi mevcut değil,Beden: 40,güzel bir elbise annemin için aldım aslında 164. 63 kilo ama 40 anca oldu garip bi darlıkta bence,TRENDYOLMİLLA Siyah Eteği Volanlı A Kesim Şifon Midi Astarlı Dokuma Elbise TWOSS22EL00733
25 Kasım 2022,Bilgi mevcut değil,Bilgi mevcut değil,Beden: 38,AŞIRI GÜZEL,TRENDYOLMİLLA Siyah Eteği Volanlı A Kesim Şifon Midi Astarlı Dokuma Elbise TWOSS22EL00733
25 Kasım 2022,Bilgi mevcut değil,Bilgi mevcut değil,Beden: 42,Bedeni uymadı iade ettim,TRENDYOLMİLLA Siyah Eteği Volanlı A Kesim Şifon Midi Astarlı Dokuma Elbise TWOSS22EL00733
23 Kasım 2022,Bilgi mevcut değil,Bilgi mevcut değil,Beden: 34,46 kilo 161 boyundayım. Çok güzel oldu elbise. Çok beğenerek kullanıyorum,TRENDYOLMİLLA Siyah Eteği Volanlı A Kesim Şifon Midi Astarlı Dokuma Elbise TWOSS22EL00733
22 Kasım 2022,Bilgi mevcut değil,Bilgi mevcut değil,Beden: 38,Hanım hanımcık bi elbise,TRENDYOLMİLLA Siyah Eteği Volanlı A Kesim Şifon Midi Astarlı Dokuma Elbise TWOSS22EL00733
19 Kasım 2022,Bilgi mevcut değil,Bilgi mevcut değil,Beden: 42,Harika bir elbise kurtarıcı,TRENDYOLMİLLA Siyah Eteği Volanlı A Kesim Şifon Midi Astarlı Dokuma Elbise TWOSS22EL00733
19 Kasım 2022,Bilgi mevcut değil,Bilgi mevcut değil,Beden: 42,Beklediğim gibi değildi kalitesi hoşuma gitmedi naylonumsu gibi bir elbise,TRENDYOLMİLLA Siyah Eteği Volanlı A Kesim Şifon Midi Astarlı Dokuma Elbise TWOSS22EL00733
17 Kasım 2022,Bilgi mevcut değil,Bilgi mevcut değil,Beden: 42,Çok şık tam beden alınmalı,TRENDYOLMİLLA Siyah Eteği Volanlı A Kesim Şifon Midi Astarlı Dokuma Elbise TWOSS22EL00733
16 Kasım 2022,Bilgi mevcut değil,Bilgi mevcut değil,Beden: 36,resimde daha kaliteli duruyor durusunu begenmedim,TRENDYOLMİLLA Siyah Eteği Volanlı A Kesim Şifon Midi Astarlı Dokuma Elbise TWOSS22EL00733
14 Kasım 2022,Bilgi mevcut değil,Bilgi mevcut değil,Beden: 42,"düğün için aldım, çok zarif bir elbise, çok beğendim, aynı bedeninize göre alabilirsiniz",TRENDYOLMİLLA Siyah Eteği Volanlı A Kesim Şifon Midi Astarlı Dokuma Elbise TWOSS22EL00733
12 Kasım 2022,Bilgi mevcut değil,Bilgi mevcut değil,Beden: 42,Çok güzel ve zarif,TRENDYOLMİLLA Siyah Eteği Volanlı A Kesim Şifon Midi Astarlı Dokuma Elbise TWOSS22EL00733
11 Kasım 2022,Bilgi mevcut değil,Bilgi mevcut değil,Beden: 40,çok kaliteli,TRENDYOLMİLLA Siyah Eteği Volanlı A Kesim Şifon Midi Astarlı Dokuma Elbise TWOSS22EL00733
09 Kasım 2022,Bilgi mevcut değil,Bilgi mevcut değil,Beden: 42,çok zarif herkesin dolabında bulunmali,TRENDYOLMİLLA Siyah Eteği Volanlı A Kesim Şifon Midi Astarlı Dokuma Elbise TWOSS22EL00733
08 Kasım 2022,Bilgi mevcut değil,Bilgi mevcut değil,Beden: 38,ürün güzel kendi bedeninizi alın,TRENDYOLMİLLA Siyah Eteği Volanlı A Kesim Şifon Midi Astarlı Dokuma Elbise TWOSS22EL00733
08 Kasım 2022,Bilgi mevcut değil,Bilgi mevcut değil,Beden: 38,Özel günler için şık ve kurtarıcı bir elbisem oldu. Fiyat performans ürünü.,TRENDYOLMİLLA Siyah Eteği Volanlı A Kesim Şifon Midi Astarlı Dokuma Elbise TWOSS22EL00733
01 Kasım 2022,Bilgi mevcut değil,Bilgi mevcut değil,Beden: 40,o kadar şik bir elbise ki . tam bir davet elbisesi,TRENDYOLMİLLA Siyah Eteği Volanlı A Kesim Şifon Midi Astarlı Dokuma Elbise TWOSS22EL00733
31 Ekim 2022,Bilgi mevcut değil,Bilgi mevcut değil,Beden: 38,elbisenin duruşu çok güzel,TRENDYOLMİLLA Siyah Eteği Volanlı A Kesim Şifon Midi Astarlı Dokuma Elbise TWOSS22EL00733
30 Ekim 2022,Bilgi mevcut değil,Bilgi mevcut değil,Beden: 40,Kalıbı çok dar bel kısmı özellikle bedenimi aldım küçük geldi,TRENDYOLMİLLA Siyah Eteği Volanlı A Kesim Şifon Midi Astarlı Dokuma Elbise TWOSS22EL00733
29 Ekim 2022,Bilgi mevcut değil,Bilgi mevcut değil,Beden: 38,kurtarıcı zarif bir elbise dolapta acil durumlar için kullanılabilir 38 beden tam oldu 162 boy 58 kilo,TRENDYOLMİLLA Siyah Eteği Volanlı A Kesim Şifon Midi Astarlı Dokuma Elbise TWOSS22EL00733
29 Ekim 2022,Bilgi mevcut değil,Bilgi mevcut değil,Beden: 38,Bir beden büyük alabilirsiniz çok şık kurtarıcı,TRENDYOLMİLLA Siyah Eteği Volanlı A Kesim Şifon Midi Astarlı Dokuma Elbise TWOSS22EL00733
27 Ekim 2022,Bilgi mevcut değil,Bilgi mevcut değil,Beden: 42,güzel bir elbise fakat kalıbı çok dar,TRENDYOLMİLLA Siyah Eteği Volanlı A Kesim Şifon Midi Astarlı Dokuma Elbise TWOSS22EL00733
27 Ekim 2022,Bilgi mevcut değil,Bilgi mevcut değil,Beden: 40,çok şık bu kadar uygun fiyata bu performans inanılmaz gercekten,TRENDYOLMİLLA Siyah Eteği Volanlı A Kesim Şifon Midi Astarlı Dokuma Elbise TWOSS22EL00733
24 Ekim 2022,Bilgi mevcut değil,Bilgi mevcut değil,Beden: 38,çok güzel kalıbı tam alabilirsiniz,TRENDYOLMİLLA Siyah Eteği Volanlı A Kesim Şifon Midi Astarlı Dokuma Elbise TWOSS22EL00733
24 Ekim 2022,Bilgi mevcut değil,Bilgi mevcut değil,Beden: 38,"çok şık durdu, beklediğimden iyiydi.",TRENDYOLMİLLA Siyah Eteği Volanlı A Kesim Şifon Midi Astarlı Dokuma Elbise TWOSS22EL00733
23 Ekim 2022,Bilgi mevcut değil,Bilgi mevcut değil,Beden: 38,özellikle fiyatına göre çok kaliteli güzel bı elbise,TRENDYOLMİLLA Siyah Eteği Volanlı A Kesim Şifon Midi Astarlı Dokuma Elbise TWOSS22EL00733
23 Ekim 2022,Bilgi mevcut değil,Bilgi mevcut değil,Beden: 40,Boyu uzun geldiği için iade etmek zorunda kaldım,TRENDYOLMİLLA Siyah Eteği Volanlı A Kesim Şifon Midi Astarlı Dokuma Elbise TWOSS22EL00733
23 Ekim 2022,Bilgi mevcut değil,Bilgi mevcut değil,Beden: 42,qiymətinə görə əla paltardı,TRENDYOLMİLLA Siyah Eteği Volanlı A Kesim Şifon Midi Astarlı Dokuma Elbise TWOSS22EL00733
22 Ekim 2022,Bilgi mevcut değil,Bilgi mevcut değil,Beden: 42,Aşırı şık,TRENDYOLMİLLA Siyah Eteği Volanlı A Kesim Şifon Midi Astarlı Dokuma Elbise TWOSS22EL00733
21 Ekim 2022,Bilgi mevcut değil,Bilgi mevcut değil,Beden: 38,harika bir elbise bayıldım fiziği inanılmaz güzel gösteriyor fakat kalıbı gerçekten dar normalde 36 giyiyorum ama 38 aldım iyi ki öyle almışım tamm oldu yani tamm,TRENDYOLMİLLA Siyah Eteği Volanlı A Kesim Şifon Midi Astarlı Dokuma Elbise TWOSS22EL00733
20 Ekim 2022,Bilgi mevcut değil,Bilgi mevcut değil,Beden: 42,Çok zarif🤍 özel günler için kurtarıcı bir parça güvenerek tercih edebilirsiniz,TRENDYOLMİLLA Siyah Eteği Volanlı A Kesim Şifon Midi Astarlı Dokuma Elbise TWOSS22EL00733
19 Ekim 2022,Bilgi mevcut değil,Bilgi mevcut değil,Beden: 40,"Harika bir elbise, bayıldım. Büyük alınmalı diyenleri çok anlayamadım çünkü bana kendi bedenim oldu.",TRENDYOLMİLLA Siyah Eteği Volanlı A Kesim Şifon Midi Astarlı Dokuma Elbise TWOSS22EL00733
19 Ekim 2022,Bilgi mevcut değil,Bilgi mevcut değil,Beden: 42,Gayet şık bir elbise,TRENDYOLMİLLA Siyah Eteği Volanlı A Kesim Şifon Midi Astarlı Dokuma Elbise TWOSS22EL00733
18 Ekim 2022,Bilgi mevcut değil,Bilgi mevcut değil,Beden: 42,Bir beden büyük alınmalı çok kullanılışlı bir ürün her dolapta olmalı kesinlikle,TRENDYOLMİLLA Siyah Eteği Volanlı A Kesim Şifon Midi Astarlı Dokuma Elbise TWOSS22EL00733
18 Ekim 2022,Bilgi mevcut değil,Bilgi mevcut değil,Beden: 42,Yıldız bile haketmiyor çöp gibi,TRENDYOLMİLLA Siyah Eteği Volanlı A Kesim Şifon Midi Astarlı Dokuma Elbise TWOSS22EL00733
18 Ekim 2022,Bilgi mevcut değil,Bilgi mevcut değil,Beden: 42,indirimde ve kupon ile çok uyguna almıştım. kurtarıcı bir elbise. herkesin dolabında bu tarz siyah elbise olmalı.,TRENDYOLMİLLA Siyah Eteği Volanlı A Kesim Şifon Midi Astarlı Dokuma Elbise TWOSS22EL00733
17 Ekim 2022,Bilgi mevcut değil,Bilgi mevcut değil,Beden: 38,çok güzel bir elbise 1.60 58 kiloyum m beden aldim,TRENDYOLMİLLA Siyah Eteği Volanlı A Kesim Şifon Midi Astarlı Dokuma Elbise TWOSS22EL00733
17 Ekim 2022,Bilgi mevcut değil,Bilgi mevcut değil,Beden: 42,Ust tarafi biraz zor geciyor ama normalde dar degil.Genel olarak begendim arkadaslarim da beğendi,TRENDYOLMİLLA Siyah Eteği Volanlı A Kesim Şifon Midi Astarlı Dokuma Elbise TWOSS22EL00733
17 Ekim 2022,Bilgi mevcut değil,Bilgi mevcut değil,Beden: 40,Çok güzel Üzülerek iade kalıbı dar benim için,TRENDYOLMİLLA Siyah Eteği Volanlı A Kesim Şifon Midi Astarlı Dokuma Elbise TWOSS22EL00733
16 Ekim 2022,Bilgi mevcut değil,Bilgi mevcut değil,Beden: 42,elbise güzel ama yorumlara bakarak büyük beden almıştım çok bol olduğu için iade ettim,TRENDYOLMİLLA Siyah Eteği Volanlı A Kesim Şifon Midi Astarlı Dokuma Elbise TWOSS22EL00733
15 Ekim 2022,Bilgi mevcut değil,Bilgi mevcut değil,Beden: 36,"160 boy 53 kilo, 36 tam beden boyu biraz uzundu kestirdim şık ve rahat duruyor",TRENDYOLMİLLA Siyah Eteği Volanlı A Kesim Şifon Midi Astarlı Dokuma Elbise TWOSS22EL00733
08 Mayıs 2024,Boy: 165cm,Kilo: 60kg,Beden: 40,1.65 boy 60 kilo L beden büyük geldi. M daha iyi oturacak,TRENDYOLMİLLA Siyah Eteği Volanlı A Kesim Şifon Midi Astarlı Dokuma Elbise TWOSS22EL00733
25 Kasım 2023,Boy: 168cm,Kilo: 68kg,Beden: 34,güzel bir örün teşekkür ederim ☺️,TRENDYOLMİLLA Siyah Eteği Volanlı A Kesim Şifon Midi Astarlı Dokuma Elbise TWOSS22EL00733
05 Eylül 2023,Bilgi mevcut değil,Bilgi mevcut değil,Beden: 34,Güzel ürün,TRENDYOLMİLLA Siyah Eteği Volanlı A Kesim Şifon Midi Astarlı Dokuma Elbise TWOSS22EL00733
07 Ağustos 2023,Bilgi mevcut değil,Bilgi mevcut değil,Bilgi mevcut değil,teşekkür ederim,TRENDYOLMİLLA Siyah Eteği Volanlı A Kesim Şifon Midi Astarlı Dokuma Elbise TWOSS22EL00733
14 Temmuz 2023,Bilgi mevcut değil,Bilgi mevcut değil,Bilgi mevcut değil,Elbise çok güzel ama ya manken çok uzun yada ben çok kısayım. Gerçi boyum 1.70 ama elbise mankendekinden de uzun oldu beğenemedim o yüzden iade ettim,TRENDYOLMİLLA Siyah Eteği Volanlı A Kesim Şifon Midi Astarlı Dokuma Elbise TWOSS22EL00733
07 Temmuz 2023,Boy: 163cm,Kilo: 63kg,Bilgi mevcut değil,çok güzel ve zarif,TRENDYOLMİLLA Siyah Eteği Volanlı A Kesim Şifon Midi Astarlı Dokuma Elbise TWOSS22EL00733
27 Haziran 2023,Boy: 173cm,Kilo: 53kg,Bilgi mevcut değil,ürün çok güzel kalitesi duruşu yanlız bir beden büyük alınma ben 36 giyordum 38 aldım tam oldu teşekkür Trendyol.,TRENDYOLMİLLA Siyah Eteği Volanlı A Kesim Şifon Midi Astarlı Dokuma Elbise TWOSS22EL00733
26 Haziran 2023,Boy: 175cm,Kilo: 59kg,Bilgi mevcut değil,Ürünü çok beğendim,TRENDYOLMİLLA Siyah Eteği Volanlı A Kesim Şifon Midi Astarlı Dokuma Elbise TWOSS22EL00733
25 Haziran 2023,Boy: 155cm,Kilo: 75kg,Bilgi mevcut değil,Elbise güzel ancak beden küçül geldi üzülerek iade ettim.,TRENDYOLMİLLA Siyah Eteği Volanlı A Kesim Şifon Midi Astarlı Dokuma Elbise TWOSS22EL00733
23 Haziran 2023,Bilgi mevcut değil,Bilgi mevcut değil,Bilgi mevcut değil,hayatimda harcadigim en iyi 200 lira olabilir bu fiyata bu guzel durus ve kalite bayildim. harika bir elbise ben indirimden almistim ama bence bu fiyata da alinir cok naif her turlu ortamda giyilir muhtesemm,TRENDYOLMİLLA Siyah Eteği Volanlı A Kesim Şifon Midi Astarlı Dokuma Elbise TWOSS22EL00733
20 Haziran 2023,Bilgi mevcut değil,Bilgi mevcut değil,Bilgi mevcut değil,"Elbise güzel ama kalıbı çok dar 40 beden aldım 36 gibi geldi. Boyu 120 cm denmiş ama 106 cm, eni boyu küçük geldiği için üzülerek iade ediyorum",TRENDYOLMİLLA Siyah Eteği Volanlı A Kesim Şifon Midi Astarlı Dokuma Elbise TWOSS22EL00733
15 Haziran 2023,Boy: 152cm,Kilo: 54kg,Bilgi mevcut değil,çok kibar bir elbise aşırı hoşuma gitti eski zaman temalı bi parti için aldım çok güzel ya,TRENDYOLMİLLA Siyah Eteği Volanlı A Kesim Şifon Midi Astarlı Dokuma Elbise TWOSS22EL00733
14 Haziran 2023,Boy: 164cm,Kilo: 62kg,Bilgi mevcut değil,resimdekinin birebir aynısı geldi çok şık ve güzel tam beden alabilirsiniz,TRENDYOLMİLLA Siyah Eteği Volanlı A Kesim Şifon Midi Astarlı Dokuma Elbise TWOSS22EL00733
13 Haziran 2023,Boy: 164cm,Kilo: 74kg,Bilgi mevcut değil,Elbise çok güzel tam bedeninizi alın gayet hoş ve güzel duruyor.,TRENDYOLMİLLA Siyah Eteği Volanlı A Kesim Şifon Midi Astarlı Dokuma Elbise TWOSS22EL00733
10 Haziran 2023,Bilgi mevcut değil,Bilgi mevcut değil,Bilgi mevcut değil,160 65 kilo 42 beden aldım çok güzel tam oldu,TRENDYOLMİLLA Siyah Eteği Volanlı A Kesim Şifon Midi Astarlı Dokuma Elbise TWOSS22EL00733
09 Haziran 2023,Boy: 155cm,Kilo: 51kg,Bilgi mevcut değil,Anneme evde ki nişan için aldım 42 beden gayet güzel oldu 65 kilo boy 1.50,TRENDYOLMİLLA Siyah Eteği Volanlı A Kesim Şifon Midi Astarlı Dokuma Elbise TWOSS22EL00733
09 Haziran 2023,Boy: 175cm,Kilo: 75kg,Bilgi mevcut değil,Kalıbı güzel 👍🏻 tam bedeninizi tercih edebilirsiniz. 42 bedenim tam oldu,TRENDYOLMİLLA Siyah Eteği Volanlı A Kesim Şifon Midi Astarlı Dokuma Elbise TWOSS22EL00733
08 Haziran 2023,Bilgi mevcut değil,Bilgi mevcut değil,Bilgi mevcut değil,Elbise elime çok hızlı ulaştı oğlumun mezuniyet balosu için aldım. Çok kaliteli çok şık bir elbise. Verilen ölçülere göre alırsanız tam oluyor. iyi ki almışım. Kesinlikle tavsiyemdir.,TRENDYOLMİLLA Siyah Eteği Volanlı A Kesim Şifon Midi Astarlı Dokuma Elbise TWOSS22EL00733
07 Haziran 2023,Bilgi mevcut değil,Bilgi mevcut değil,Bilgi mevcut değil,"Ürün sorunsuz çok hızlı teslim edildi, teşekkür ederim. 1.60 boyunda 63,5 kiloda biri olarak başka markalarda 38 - 40 beden giyerken yorumlara bakarak 42 beden aldım ve tam oldu. Daha önce başka bir modelde aldığım 40 beden TRENDYOLMİLLA elbiseden de öğrendiğim üzere kalıplar dar ve mutlaka bir ya da iki beden büyüğü daha rahat oluyor.",TRENDYOLMİLLA Siyah Eteği Volanlı A Kesim Şifon Midi Astarlı Dokuma Elbise TWOSS22EL00733
07 Haziran 2023,Bilgi mevcut değil,Bilgi mevcut değil,Bilgi mevcut değil,elbise paketlemesi güzeldi ve kumaşı da güzel sağlam geldi .,TRENDYOLMİLLA Siyah Eteği Volanlı A Kesim Şifon Midi Astarlı Dokuma Elbise TWOSS22EL00733
06 Haziran 2023,Bilgi mevcut değil,Bilgi mevcut değil,Bilgi mevcut değil,Harika bir elbise bir akrabamizin düğününde giymek için aldım iyi ki almışım 155 boy 63 kilo ile 42 beden aldım üzerime dikilmiş gibi durdu teşekkür ederim,TRENDYOLMİLLA Siyah Eteği Volanlı A Kesim Şifon Midi Astarlı Dokuma Elbise TWOSS22EL00733
06 Haziran 2023,Bilgi mevcut değil,Bilgi mevcut değil,Bilgi mevcut değil,kalıbı duruşu harika,TRENDYOLMİLLA Siyah Eteği Volanlı A Kesim Şifon Midi Astarlı Dokuma Elbise TWOSS22EL00733
04 Haziran 2023,Bilgi mevcut değil,Bilgi mevcut değil,Beden: 42,"Çok zarif ve şık bir elbise, kalıbı bir tık dar, alırken bunu göz önünde bulundurmanızı öneririm.",TRENDYOLMİLLA Siyah Eteği Volanlı A Kesim Şifon Midi Astarlı Dokuma Elbise TWOSS22EL00733
04 Haziran 2023,Boy: 169cm,Kilo: 75kg,Bilgi mevcut değil,Beklediğimden daha kaliteli çıktı ürün,TRENDYOLMİLLA Siyah Eteği Volanlı A Kesim Şifon Midi Astarlı Dokuma Elbise TWOSS22EL00733
02 Haziran 2023,Bilgi mevcut değil,Bilgi mevcut değil,Bilgi mevcut değil,güzel bir elbise arkadaşımın nişanı için tercih ettim günü kurtardı,TRENDYOLMİLLA Siyah Eteği Volanlı A Kesim Şifon Midi Astarlı Dokuma Elbise TWOSS22EL00733
24 Mayıs 2023,Boy: 158cm,Kilo: 68kg,Bilgi mevcut değil,cok guzel geldi tesekkur ederim,TRENDYOLMİLLA Siyah Eteği Volanlı A Kesim Şifon Midi Astarlı Dokuma Elbise TWOSS22EL00733
19 Mayıs 2023,Bilgi mevcut değil,Bilgi mevcut değil,Bilgi mevcut değil,şık bir elbise ama bana uzun geldi boyum 1.57,TRENDYOLMİLLA Siyah Eteği Volanlı A Kesim Şifon Midi Astarlı Dokuma Elbise TWOSS22EL00733
14 Mayıs 2023,Bilgi mevcut değil,Bilgi mevcut değil,Bilgi mevcut değil,gayet şık oldu eşime rahat teşşekkür ederim,TRENDYOLMİLLA Siyah Eteği Volanlı A Kesim Şifon Midi Astarlı Dokuma Elbise TWOSS22EL00733
12 Mayıs 2023,Bilgi mevcut değil,Bilgi mevcut değil,Bilgi mevcut değil,Boyum 1.58 kilom 65 42 beden aldım tam oturdu.Kurtarıcı bir elbise,TRENDYOLMİLLA Siyah Eteği Volanlı A Kesim Şifon Midi Astarlı Dokuma Elbise TWOSS22EL00733
08 Mayıs 2023,Bilgi mevcut değil,Bilgi mevcut değil,Bilgi mevcut değil,Teşekkür ederim 🌻,TRENDYOLMİLLA Siyah Eteği Volanlı A Kesim Şifon Midi Astarlı Dokuma Elbise TWOSS22EL00733
26 Nisan 2023,Bilgi mevcut değil,Bilgi mevcut değil,Bilgi mevcut değil,ürün elime sağlam ulaştı 68 kiloyum L beden tam oldu,TRENDYOLMİLLA Siyah Eteği Volanlı A Kesim Şifon Midi Astarlı Dokuma Elbise TWOSS22EL00733
25 Aralık 2022,Bilgi mevcut değil,Bilgi mevcut değil,Beden: 42,174 boy 75 kilo 42 beden aldım süper durdu.İncecik gösteriyor.Boyu diz altımda kaldı.,TRENDYOLMİLLA Siyah Eteği Volanlı A Kesim Şifon Midi Astarlı Dokuma Elbise TWOSS22EL00733
16 Kasım 2022,Bilgi mevcut değil,Bilgi mevcut değil,Beden: 42,Elbise harika herkes çok beğendi. 1.70 boya 68 kilo böyle durdu. Kalıplar dar bir beden büyük alınmalı.,TRENDYOLMİLLA Siyah Eteği Volanlı A Kesim Şifon Midi Astarlı Dokuma Elbise TWOSS22EL00733
30 Ekim 2022,Bilgi mevcut değil,Bilgi mevcut değil,Beden: 38,"Sağlam geldi iyi paketlenmiş boyutu , vakumu gayet iyi. Teşekkür ederim.",TRENDYOLMİLLA Siyah Eteği Volanlı A Kesim Şifon Midi Astarlı Dokuma Elbise TWOSS22EL00733
20 Ekim 2022,Bilgi mevcut değil,Bilgi mevcut değil,Beden: 40,Çok güzel bir hediye oldu. Çok hızlı kargo. Teşekkür ederim,TRENDYOLMİLLA Siyah Eteği Volanlı A Kesim Şifon Midi Astarlı Dokuma Elbise TWOSS22EL00733
17 Ekim 2022,Bilgi mevcut değil,Bilgi mevcut değil,Beden: 38,klasik bir elbise,TRENDYOLMİLLA Siyah Eteği Volanlı A Kesim Şifon Midi Astarlı Dokuma Elbise TWOSS22EL00733
13 Ekim 2022,Bilgi mevcut değil,Bilgi mevcut değil,Beden: 38,elbise gerçketen üzerime tam oturdu çok rahat ve şık bir elbise,TRENDYOLMİLLA Siyah Eteği Volanlı A Kesim Şifon Midi Astarlı Dokuma Elbise TWOSS22EL00733
12 Ağustos 2022,Bilgi mevcut değil,Bilgi mevcut değil,Beden: 42,dün sipariş verdim bugün geldi. Çok teşekkür ederim.,TRENDYOLMİLLA Siyah Eteği Volanlı A Kesim Şifon Midi Astarlı Dokuma Elbise TWOSS22EL00733
11 Ağustos 2022,Bilgi mevcut değil,Bilgi mevcut değil,Beden: 40,kızıma aldım güzel sade ve şık bir elbise,TRENDYOLMİLLA Siyah Eteği Volanlı A Kesim Şifon Midi Astarlı Dokuma Elbise TWOSS22EL00733
10 Ağustos 2022,Bilgi mevcut değil,Bilgi mevcut değil,Beden: 38,Güzel sakin bir elbise çok sevdim,TRENDYOLMİLLA Siyah Eteği Volanlı A Kesim Şifon Midi Astarlı Dokuma Elbise TWOSS22EL00733
23 Temmuz 2022,Bilgi mevcut değil,Bilgi mevcut değil,Beden: 36,güzel ürün,TRENDYOLMİLLA Siyah Eteği Volanlı A Kesim Şifon Midi Astarlı Dokuma Elbise TWOSS22EL00733
21 Temmuz 2022,Bilgi mevcut değil,Bilgi mevcut değil,Beden: 40,her zaman kurtarıcı olacak bir elbise. fiyatı indirimde aldım memnunum.,TRENDYOLMİLLA Siyah Eteği Volanlı A Kesim Şifon Midi Astarlı Dokuma Elbise TWOSS22EL00733
19 Temmuz 2022,Bilgi mevcut değil,Bilgi mevcut değil,Beden: 40,"Güzel bir elbise, bedeni küçük geldiği için iade ettim, bir büyük bedeni gelince alacağım, teşekkür ederim trendyol, dikişler de bir sorun yok, satıcı firmayada teşekkür ederim.",TRENDYOLMİLLA Siyah Eteği Volanlı A Kesim Şifon Midi Astarlı Dokuma Elbise TWOSS22EL00733
19 Temmuz 2022,Bilgi mevcut değil,Bilgi mevcut değil,Beden: 40,57 kilo 1.59 boyundayım 38 beden sipariş verdim fakat çok dar oldu üstü kısmı özellikle iade ederek 40 beden aldim cok rahat oldu.Kesinlikle tavsiye ediyorum kurtarıcı parca.🌸👏,TRENDYOLMİLLA Siyah Eteği Volanlı A Kesim Şifon Midi Astarlı Dokuma Elbise TWOSS22EL00733
17 Temmuz 2022,Bilgi mevcut değil,Bilgi mevcut değil,Beden: 38,Boyum 1.68 mankendeki gibi dursaydı daha çok beğenecektim ama geri iade etmeyeceğim illa lazım olur,TRENDYOLMİLLA Siyah Eteği Volanlı A Kesim Şifon Midi Astarlı Dokuma Elbise TWOSS22EL00733
16 Temmuz 2022,Bilgi mevcut değil,Bilgi mevcut değil,Beden: 40,Şık bir ürün çok zarif sadece bedenleri sıkıntılı 40 sipariş verdim etiket 40 elbise 38 beden ama tam oldu.Kaliteli ve uygun fiyatlı,TRENDYOLMİLLA Siyah Eteği Volanlı A Kesim Şifon Midi Astarlı Dokuma Elbise TWOSS22EL00733
07 Temmuz 2022,Bilgi mevcut değil,Bilgi mevcut değil,Beden: 38,Kupon ile 110 liraya aldım çok zarif kurtarıcı bir elbise boy 170 kilo 58 M beden tam oldu,TRENDYOLMİLLA Siyah Eteği Volanlı A Kesim Şifon Midi Astarlı Dokuma Elbise TWOSS22EL00733
03 Temmuz 2022,Bilgi mevcut değil,Bilgi mevcut değil,Beden: 42,harika oldu tam kalıp teşekkürler beğenerek giyeceğim bu paraya çok iyi urun indirimden aldım birde kupon kullandım 109 tl ye geldi teşekkürler trendyolmilla,TRENDYOLMİLLA Siyah Eteği Volanlı A Kesim Şifon Midi Astarlı Dokuma Elbise TWOSS22EL00733
30 Haziran 2022,Bilgi mevcut değil,Bilgi mevcut değil,Beden: 38,Harika çok zarif bi elbise tam bedeninizi alın,TRENDYOLMİLLA Siyah Eteği Volanlı A Kesim Şifon Midi Astarlı Dokuma Elbise TWOSS22EL00733
27 Haziran 2022,Bilgi mevcut değil,Bilgi mevcut değil,Beden: 42,Çokk guzel Bi elbise beden 42 aldık fakat 38 beden gibi maalesef ondan dolayı iade ettim kargo süperr hızlı akşam söyledim sabah geldi teşekkür ederim,TRENDYOLMİLLA Siyah Eteği Volanlı A Kesim Şifon Midi Astarlı Dokuma Elbise TWOSS22EL00733
26 Haziran 2022,Bilgi mevcut değil,Bilgi mevcut değil,Beden: 38,çok kibar şık bir elbise çok beğendiğim oğlumun mezuniyet partisi için aldım 56 kilo ya 38 beden aldım çok ta güzel oldu arkadaşlarım çok beğendi,TRENDYOLMİLLA Siyah Eteği Volanlı A Kesim Şifon Midi Astarlı Dokuma Elbise TWOSS22EL00733
24 Haziran 2022,Bilgi mevcut değil,Bilgi mevcut değil,Beden: 42,çok zarif çok güzel bir elbise.. boyum 1.70 kilom 63 normalde 38 40 giyiyorum yorumlara bakarak 42 aldım ve tam oldu ne çok dar ne bol.. ben çok beğendim,TRENDYOLMİLLA Siyah Eteği Volanlı A Kesim Şifon Midi Astarlı Dokuma Elbise TWOSS22EL00733
24 Haziran 2022,Bilgi mevcut değil,Bilgi mevcut değil,Beden: 42,beğendim kurtarıcı bir elbise,TRENDYOLMİLLA Siyah Eteği Volanlı A Kesim Şifon Midi Astarlı Dokuma Elbise TWOSS22EL00733
23 Haziran 2022,Bilgi mevcut değil,Bilgi mevcut değil,Beden: 40,çok güzel abiye niyetine de giyilir. 170 boy 58 kiloya 38 dar geldi iade 40 tam uydu,TRENDYOLMİLLA Siyah Eteği Volanlı A Kesim Şifon Midi Astarlı Dokuma Elbise TWOSS22EL00733
23 Haziran 2022,Bilgi mevcut değil,Bilgi mevcut değil,Beden: 40,"Elbise çok güzel, modeli çok çok zarif. Kalıbı biraz dar gibi geldi bize. Ama model süper. Akşam sipariş verdik ertesi gün elimize ulaştı. Teşekkür ederiz Trendyolll",TRENDYOLMİLLA Siyah Eteği Volanlı A Kesim Şifon Midi Astarlı Dokuma Elbise TWOSS22EL00733
23 Haziran 2022,Bilgi mevcut değil,Bilgi mevcut değil,Beden: 42,Güzel elbise ama bir beden büyük alın,TRENDYOLMİLLA Siyah Eteği Volanlı A Kesim Şifon Midi Astarlı Dokuma Elbise TWOSS22EL00733
23 Haziran 2022,Bilgi mevcut değil,Bilgi mevcut değil,Beden: 38,"165 boy , 58 kilo 38 beden tam oldu , çok hoş zarif bir elbise",TRENDYOLMİLLA Siyah Eteği Volanlı A Kesim Şifon Midi Astarlı Dokuma Elbise TWOSS22EL00733
23 Haziran 2022,Bilgi mevcut değil,Bilgi mevcut değil,Beden: 40,"Zarif , harika.. Tavsiye ederim.. Rahat olsun derseniz bir beden büyük alın...Kalıp biraz dar ..",TRENDYOLMİLLA Siyah Eteği Volanlı A Kesim Şifon Midi Astarlı Dokuma Elbise TWOSS22EL00733
23 Haziran 2022,Bilgi mevcut değil,Bilgi mevcut değil,Beden: 40,Elbise guzel rahat tam beden alabilirsiniz sadrcr arka dikişte sorun var o yuzden 4 yildiz verdim,TRENDYOLMİLLA Siyah Eteği Volanlı A Kesim Şifon Midi Astarlı Dokuma Elbise TWOSS22EL00733
22 Haziran 2022,Bilgi mevcut değil,Bilgi mevcut değil,Beden: 40,güzel elbise,TRENDYOLMİLLA Siyah Eteği Volanlı A Kesim Şifon Midi Astarlı Dokuma Elbise TWOSS22EL00733
22 Haziran 2022,Bilgi mevcut değil,Bilgi mevcut değil,Beden: 42,Ürün çok güzel ama kalıbı küçük kesinlkşe 1 beden büyük alınmalı,TRENDYOLMİLLA Siyah Eteği Volanlı A Kesim Şifon Midi Astarlı Dokuma Elbise TWOSS22EL00733
22 Haziran 2022,Bilgi mevcut değil,Bilgi mevcut değil,Beden: 42,Kalıbı güzel fakat 1 beden büyüğünü alın göbek varsa,TRENDYOLMİLLA Siyah Eteği Volanlı A Kesim Şifon Midi Astarlı Dokuma Elbise TWOSS22EL00733
22 Haziran 2022,Bilgi mevcut değil,Bilgi mevcut değil,Beden: 40,ürün çok şık bedeninize göre alın ben çok beğendim,TRENDYOLMİLLA Siyah Eteği Volanlı A Kesim Şifon Midi Astarlı Dokuma Elbise TWOSS22EL00733
21 Haziran 2022,Bilgi mevcut değil,Bilgi mevcut değil,Beden: 42,üründe dikim hatası mevcut. Beden kalıbı kesinlikle 42 beden değil. Ayrıca ücret iadesi olan 50 TL'nin kartıma yansıtılmasını istiyoruz kupon olarak verilmesini kabul etmiyoruz.,TRENDYOLMİLLA Siyah Eteği Volanlı A Kesim Şifon Midi Astarlı Dokuma Elbise TWOSS22EL00733
21 Haziran 2022,Bilgi mevcut değil,Bilgi mevcut değil,Beden: 40,boyum 1.75 kilo 70 40 beden tam oldu esneyen bir kumaş değil bilginiz olsun ve zayıf gösteren şık bir elbise,TRENDYOLMİLLA Siyah Eteği Volanlı A Kesim Şifon Midi Astarlı Dokuma Elbise TWOSS22EL00733
21 Haziran 2022,Bilgi mevcut değil,Bilgi mevcut değil,Beden: 40,Fiat çok uygun ürün çok güzel tavsiye ederim,TRENDYOLMİLLA Siyah Eteği Volanlı A Kesim Şifon Midi Astarlı Dokuma Elbise TWOSS22EL00733
20 Haziran 2022,Bilgi mevcut değil,Bilgi mevcut değil,Beden: 42,fiyatina gore mukemmel bir elbise cok şık ve cok zarif duruyor bir beden buyuk aldim tam oldu kumasi kaliteside cok iyi tesekkurler trendyol,TRENDYOLMİLLA Siyah Eteği Volanlı A Kesim Şifon Midi Astarlı Dokuma Elbise TWOSS22EL00733
18 Haziran 2022,Bilgi mevcut değil,Bilgi mevcut değil,Beden: 42,Çok güzel alın alın alın çok zarif duruyor boy 170 kilo 75 42 aldım tam oluyor sadece belden oturtma olduğu için zor giyiliyor yoksa efsane 👌,TRENDYOLMİLLA Siyah Eteği Volanlı A Kesim Şifon Midi Astarlı Dokuma Elbise TWOSS22EL00733
17 Haziran 2022,Bilgi mevcut değil,Bilgi mevcut değil,Beden: 36,çok çok çok zarif.kendi bedeninizi almanızı öneririm.,TRENDYOLMİLLA Siyah Eteği Volanlı A Kesim Şifon Midi Astarlı Dokuma Elbise TWOSS22EL00733
16 Haziran 2022,Bilgi mevcut değil,Bilgi mevcut değil,Beden: 42,"Ürün gerçekten güzel lakin 1 beden büyük almama rağmen fermuarını kapatamadım. Fermuarı ince fermuarlardan ve dikiş yerinden başkasının yardımı olmadan ilerlemiyor. Tek yaşayan biriyim. Arkadaşımın nikahı için aldım ama arkasını kapatacak kimsem olmadığı için maalesef giyemeyeceğim. Onun dışında çok güzel. Bir gün arkasını kapatmama yardım edecek b
Devamını Oku",TRENDYOLMİLLA Siyah Eteği Volanlı A Kesim Şifon Midi Astarlı Dokuma Elbise TWOSS22EL00733
11 Haziran 2022,Bilgi mevcut değil,Bilgi mevcut değil,Beden: 36,Kizlar elbise yikiliyor alin aldirin. 1.60 boy 52 kilo 36 beden aldim belim ince oldugu icinn cokk hafif ama cok hfif bol oldu bayildim elbiseye ❤️❤️,TRENDYOLMİLLA Siyah Eteği Volanlı A Kesim Şifon Midi Astarlı Dokuma Elbise TWOSS22EL00733
08 Haziran 2022,Bilgi mevcut değil,Bilgi mevcut değil,Beden: 36,48kilo 36beden super ürün,TRENDYOLMİLLA Siyah Eteği Volanlı A Kesim Şifon Midi Astarlı Dokuma Elbise TWOSS22EL00733
07 Haziran 2022,Bilgi mevcut değil,Bilgi mevcut değil,Beden: 36,bayıldım 🌸🌸,TRENDYOLMİLLA Siyah Eteği Volanlı A Kesim Şifon Midi Astarlı Dokuma Elbise TWOSS22EL00733
06 Haziran 2022,Bilgi mevcut değil,Bilgi mevcut değil,Beden: 36,"158 boy ,47 kiloyum s beden tercih ettim oldu ,ürün harika sözüm için kullanacağım içiniz rahat alabilirsiniz :)2 gün önce sipariş ettim hemen teslim edildi satıcı ve kargo harika ✌️",TRENDYOLMİLLA Siyah Eteği Volanlı A Kesim Şifon Midi Astarlı Dokuma Elbise TWOSS22EL00733
25 Mayıs 2022,Bilgi mevcut değil,Bilgi mevcut değil,Beden: 38,İçinde astarı var günlük güzel bi elbise 1.60 boy 50 kilo 38 büyük geldi iade edip 36 alıcam,TRENDYOLMİLLA Siyah Eteği Volanlı A Kesim Şifon Midi Astarlı Dokuma Elbise TWOSS22EL00733
18 Mayıs 2022,Bilgi mevcut değil,Bilgi mevcut değil,Beden: 42,İndirimle 142 liraya aldım kumaşı dokusu gayet güzel.,TRENDYOLMİLLA Siyah Eteği Volanlı A Kesim Şifon Midi Astarlı Dokuma Elbise TWOSS22EL00733
14 Mayıs 2022,Bilgi mevcut değil,Bilgi mevcut değil,Beden: 40,Çok zarif bi elbise kuponla çok uyguna geldi 70 kiloyum 40 beden bi tık sıktı 42 alsam daha rahat olurdu,TRENDYOLMİLLA Siyah Eteği Volanlı A Kesim Şifon Midi Astarlı Dokuma Elbise TWOSS22EL00733
13 Mayıs 2022,Bilgi mevcut değil,Bilgi mevcut değil,Beden: 42,çeyizim için sipariş verdim 74 kiloyum 42 beden söyledim tam oldu. siyah güzel sade şifon bir elbise almak isteyen varsa bu fiyata kaçırmasın derim,TRENDYOLMİLLA Siyah Eteği Volanlı A Kesim Şifon Midi Astarlı Dokuma Elbise TWOSS22EL00733
12 Mayıs 2022,Bilgi mevcut değil,Bilgi mevcut değil,Beden: 38,Çok beğendim çok güzel bi ürün. 55 kilo 1.60 boy 38 beden tam oldu. 🤗,TRENDYOLMİLLA Siyah Eteği Volanlı A Kesim Şifon Midi Astarlı Dokuma Elbise TWOSS22EL00733
11 Mayıs 2022,Bilgi mevcut değil,Bilgi mevcut değil,Beden: 38,Elbise güzel ama kalıbı çok dar.1.62 boy 60 kilo m beden aldım aşırı dar oldu mecburen iade.,TRENDYOLMİLLA Siyah Eteği Volanlı A Kesim Şifon Midi Astarlı Dokuma Elbise TWOSS22EL00733
09 Mayıs 2022,Bilgi mevcut değil,Bilgi mevcut değil,Beden: 38,gayet güzel fiyatı da çok iyi. tam bedeninizi alabilirsiniz 163 boy 58 kilo 38 beden tam oldu. teşekkür ederim.,TRENDYOLMİLLA Siyah Eteği Volanlı A Kesim Şifon Midi Astarlı Dokuma Elbise TWOSS22EL00733
07 Mayıs 2022,Bilgi mevcut değil,Bilgi mevcut değil,Beden: 38,Elbise cok güzel kumaşı kaliteli baseni olanlar bir beden büyük alabilir 36 aldım olmadı 38 sipariş verdim,TRENDYOLMİLLA Siyah Eteği Volanlı A Kesim Şifon Midi Astarlı Dokuma Elbise TWOSS22EL00733
07 Ağustos 2024,Boy: 153cm,Kilo: 53kg,Beden: 34,Ürün göründüğü gibi ancak dikişleri çok kötü paketleme çok kötü geldi ancak kargo hızlıydı fiyatı hak etmiyor pazar malı,TRENDYOLMİLLA Siyah Eteği Volanlı A Kesim Şifon Midi Astarlı Dokuma Elbise TWOSS22EL00733
07 Ağustos 2024,Boy: 160cm,Kilo: 68kg,Beden: 42,elbisem göründüğü gibi geldi sorunsuz,TRENDYOLMİLLA Siyah Eteği Volanlı A Kesim Şifon Midi Astarlı Dokuma Elbise TWOSS22EL00733
29 Temmuz 2024,Boy: 160cm,Kilo: 52kg,Beden: 42,Elbise çok güzel ancak dikiş hatası var. İade edip tekrar alacağım,TRENDYOLMİLLA Siyah Eteği Volanlı A Kesim Şifon Midi Astarlı Dokuma Elbise TWOSS22EL00733
27 Temmuz 2024,Boy: 171cm,Kilo: 82kg,Beden: 44,rengi çok tatlı üzerinde çok güzel duruyor bayıldımmmmm o kadar dar değil normalde göğüs sıkıntısı çekerim ama olmadı 82 kilo boy 171,TRENDYOLMİLLA Siyah Eteği Volanlı A Kesim Şifon Midi Astarlı Dokuma Elbise TWOSS22EL00733
26 Temmuz 2024,Boy: 175cm,Kilo: 52kg,Beden: 42,annem için almıştım çok beğendi tam beden alınabilir çok tatlı bir elbise 🤍,TRENDYOLMİLLA Siyah Eteği Volanlı A Kesim Şifon Midi Astarlı Dokuma Elbise TWOSS22EL00733
26 Temmuz 2024,Boy: 183cm,Kilo: 93kg,Beden: 44,"Bu elbisenin kırmızısını severek kullandığımdan siyahını almak istedim, model olarak çok zarif sade şık bir elbise fakat dikişleri problemli. Sırt fermuar dikişleri yamuk. Fermuarın alt başlangıcı sol üst son kısmı sağa doğru ilerliyor. Cemiyet için alacaksacanız eğer tek seçenek bu elbise olmasın benim gibi zora düşmeyin.",TRENDYOLMİLLA Siyah Eteği Volanlı A Kesim Şifon Midi Astarlı Dokuma Elbise TWOSS22EL00733
24 Temmuz 2024,Boy: 163cm,Kilo: 60kg,Beden: 40,Ürünüm hatalı geldi ve kendime yakıştıramadım,TRENDYOLMİLLA Siyah Eteği Volanlı A Kesim Şifon Midi Astarlı Dokuma Elbise TWOSS22EL00733
23 Temmuz 2024,Boy: 170cm,Kilo: 65kg,Beden: 40,yırtık geldi iade,TRENDYOLMİLLA Siyah Eteği Volanlı A Kesim Şifon Midi Astarlı Dokuma Elbise TWOSS22EL00733
10 Temmuz 2024,Bilgi mevcut değil,Bilgi mevcut değil,Beden: 44,kolları çok uzun duruyor ve bedeni küçük geldi o yüzden iade ettim,TRENDYOLMİLLA Siyah Eteği Volanlı A Kesim Şifon Midi Astarlı Dokuma Elbise TWOSS22EL00733
12 Haziran 2024,Bilgi mevcut değil,Bilgi mevcut değil,Beden: 38,Kenarında çıkıntı gibi bir şey vardı ve kalıbı dar beğenmedim iade maalesef,TRENDYOLMİLLA Siyah Eteği Volanlı A Kesim Şifon Midi Astarlı Dokuma Elbise TWOSS22EL00733
27 Mayıs 2024,Bilgi mevcut değil,Bilgi mevcut değil,Beden: 42,dikişleri bi tuhaf. Ne düz ne yamuk gibi. düzeltiyorum önden düzeliyor arkadan yamuluyor,TRENDYOLMİLLA Siyah Eteği Volanlı A Kesim Şifon Midi Astarlı Dokuma Elbise TWOSS22EL00733
22 Mayıs 2024,Bilgi mevcut değil,Bilgi mevcut değil,Beden: 38,"kalça kenarlarında dikiş hataları var. bedeni sorunlu, normalde M beden giyiyorum aşırı geniş oldu. kumaşı ve duruşu hiç iyi değil, sırf üşendiğimden iade etmiyorum.",TRENDYOLMİLLA Siyah Eteği Volanlı A Kesim Şifon Midi Astarlı Dokuma Elbise TWOSS22EL00733
07 Mayıs 2024,Boy: 162cm,Kilo: 50kg,Beden: 36,mezuniyet için b planı olsun diye almıştım ve hiç beklentim yoktu ama aldığım asıl elbiseden çok daha güzel bunu giyicem cidden bu kadar güzel beklemiyodum düşünmeden alabilirsinizz,TRENDYOLMİLLA Siyah Eteği Volanlı A Kesim Şifon Midi Astarlı Dokuma Elbise TWOSS22EL00733
03 Mayıs 2024,Boy: 164cm,Kilo: 65kg,Beden: 42,Omuz kısmı geniş olan kişiler 1 beden büyük almalı çünkü kalıbı dar kesim . Kumaş kalitesi fena değil,TRENDYOLMİLLA Siyah Eteği Volanlı A Kesim Şifon Midi Astarlı Dokuma Elbise TWOSS22EL00733
11 Kasım 2023,Boy: 161cm,Kilo: 69kg,Beden: 42,dikişleri kalitesi çok kötü iade,TRENDYOLMİLLA Siyah Eteği Volanlı A Kesim Şifon Midi Astarlı Dokuma Elbise TWOSS22EL00733
05 Kasım 2023,Boy: 165cm,Kilo: 63kg,Beden: 40,Şık bi elbise,TRENDYOLMİLLA Siyah Eteği Volanlı A Kesim Şifon Midi Astarlı Dokuma Elbise TWOSS22EL00733
01 Kasım 2023,Boy: 169cm,Kilo: 59kg,Beden: 40,Fena değil,TRENDYOLMİLLA Siyah Eteği Volanlı A Kesim Şifon Midi Astarlı Dokuma Elbise TWOSS22EL00733
18 Ekim 2023,Boy: 165cm,Kilo: 75kg,Beden: 42,Dar kalıbı var kumaşını çok beğenmedim pamuklu değil,TRENDYOLMİLLA Siyah Eteği Volanlı A Kesim Şifon Midi Astarlı Dokuma Elbise TWOSS22EL00733
09 Ekim 2023,Boy: 172cm,Kilo: 55kg,Beden: 36,çok çok güzel çok şık,TRENDYOLMİLLA Siyah Eteği Volanlı A Kesim Şifon Midi Astarlı Dokuma Elbise TWOSS22EL00733
06 Ekim 2023,Boy: 158cm,Kilo: 60kg,Beden: 40,ben çok beğendim satıcıya teşekkür ederim 💖,TRENDYOLMİLLA Siyah Eteği Volanlı A Kesim Şifon Midi Astarlı Dokuma Elbise TWOSS22EL00733
06 Ekim 2023,Boy: 175cm,Kilo: 85kg,Beden: 40,Harika ürün,TRENDYOLMİLLA Siyah Eteği Volanlı A Kesim Şifon Midi Astarlı Dokuma Elbise TWOSS22EL00733
02 Ekim 2023,Bilgi mevcut değil,Bilgi mevcut değil,Bilgi mevcut değil,Aşırı güzel bir elbise vücütta da güzel duruyor ama bana büyük geldiği için iade ettim.,TRENDYOLMİLLA Siyah Eteği Volanlı A Kesim Şifon Midi Astarlı Dokuma Elbise TWOSS22EL00733
25 Eylül 2023,Bilgi mevcut değil,Bilgi mevcut değil,Beden: 40,güzel ürün,TRENDYOLMİLLA Siyah Eteği Volanlı A Kesim Şifon Midi Astarlı Dokuma Elbise TWOSS22EL00733
05 Ağustos 2023,Boy: 160cm,Kilo: 59kg,Bilgi mevcut değil,çok beğenerek giydim 59 kiloya m beden tam oldu,TRENDYOLMİLLA Siyah Eteği Volanlı A Kesim Şifon Midi Astarlı Dokuma Elbise TWOSS22EL00733
26 Temmuz 2023,Bilgi mevcut değil,Bilgi mevcut değil,Bilgi mevcut değil,elbise güzel ama çok dar kalıp 160 boy 68 kiloyum L beden almama rağmen s beden gibi dar geldi malesef iade,TRENDYOLMİLLA Siyah Eteği Volanlı A Kesim Şifon Midi Astarlı Dokuma Elbise TWOSS22EL00733
22 Temmuz 2023,Bilgi mevcut değil,Bilgi mevcut değil,Bilgi mevcut değil,ürünüm bir gün sonra teslim edildi hızlı teslimat için teşekkür ederim,TRENDYOLMİLLA Siyah Eteği Volanlı A Kesim Şifon Midi Astarlı Dokuma Elbise TWOSS22EL00733
09 Temmuz 2023,Boy: 178cm,Kilo: 92kg,Bilgi mevcut değil,ürün beden konusunda 1beden büyük alınmalı. duruşu çok kibar fiyat performans ürünü,TRENDYOLMİLLA Siyah Eteği Volanlı A Kesim Şifon Midi Astarlı Dokuma Elbise TWOSS22EL00733
29 Haziran 2023,Boy: 168cm,Kilo: 72kg,Bilgi mevcut değil,Kalıbı dar iade ettim,TRENDYOLMİLLA Siyah Eteği Volanlı A Kesim Şifon Midi Astarlı Dokuma Elbise TWOSS22EL00733
28 Haziran 2023,Bilgi mevcut değil,Bilgi mevcut değil,Bilgi mevcut değil,fıyatına gore guzel,TRENDYOLMİLLA Siyah Eteği Volanlı A Kesim Şifon Midi Astarlı Dokuma Elbise TWOSS22EL00733
27 Haziran 2023,Bilgi mevcut değil,Bilgi mevcut değil,Bilgi mevcut değil,çok güzel ve şık tavsiye ederim,TRENDYOLMİLLA Siyah Eteği Volanlı A Kesim Şifon Midi Astarlı Dokuma Elbise TWOSS22EL00733
27 Haziran 2023,Boy: 168cm,Kilo: 69kg,Bilgi mevcut değil,Çok güzel bi elbise. Tam beden alabilirsiniz.,TRENDYOLMİLLA Siyah Eteği Volanlı A Kesim Şifon Midi Astarlı Dokuma Elbise TWOSS22EL00733
26 Haziran 2023,Boy: 167cm,Kilo: 67kg,Bilgi mevcut değil,Anneme aldım 156 boy 65 kilo,TRENDYOLMİLLA Siyah Eteği Volanlı A Kesim Şifon Midi Astarlı Dokuma Elbise TWOSS22EL00733
24 Haziran 2023,Bilgi mevcut değil,Bilgi mevcut değil,Bilgi mevcut değil,ürün çok güzel geldi çok beğendim fakat bana olmadı oyuzden geri iade etmek zorunda kaldım ve bu durumdan ötürü üzüldüm 44 bedeni olsaydı degistirecektim ama 😔,TRENDYOLMİLLA Siyah Eteği Volanlı A Kesim Şifon Midi Astarlı Dokuma Elbise TWOSS22EL00733
24 Haziran 2023,Boy: 173cm,Kilo: 57kg,Bilgi mevcut değil,boy 162 kilo 64 38 beden tam oldu .,TRENDYOLMİLLA Siyah Eteği Volanlı A Kesim Şifon Midi Astarlı Dokuma Elbise TWOSS22EL00733
24 Haziran 2023,Bilgi mevcut değil,Bilgi mevcut değil,Bilgi mevcut değil,Kargo çok hızlı ürün çok güzel tam bedeninizi alabilirsiniz,TRENDYOLMİLLA Siyah Eteği Volanlı A Kesim Şifon Midi Astarlı Dokuma Elbise TWOSS22EL00733
23 Haziran 2023,Bilgi mevcut değil,Bilgi mevcut değil,Bilgi mevcut değil,anneme aldım çok zarif bir beden büyük tercih edilebilir,TRENDYOLMİLLA Siyah Eteği Volanlı A Kesim Şifon Midi Astarlı Dokuma Elbise TWOSS22EL00733
21 Haziran 2023,Boy: 162cm,Kilo: 52kg,Bilgi mevcut değil,beğendim boy 1.62 kilo 52 duruşu böyle,TRENDYOLMİLLA Siyah Eteği Volanlı A Kesim Şifon Midi Astarlı Dokuma Elbise TWOSS22EL00733
20 Haziran 2023,Bilgi mevcut değil,Bilgi mevcut değil,Bilgi mevcut değil,şık bir elbise ancak bir beden büyük alınmalı,TRENDYOLMİLLA Siyah Eteği Volanlı A Kesim Şifon Midi Astarlı Dokuma Elbise TWOSS22EL00733
20 Haziran 2023,Bilgi mevcut değil,Bilgi mevcut değil,Bilgi mevcut değil,fena değil..,TRENDYOLMİLLA Siyah Eteği Volanlı A Kesim Şifon Midi Astarlı Dokuma Elbise TWOSS22EL00733
19 Haziran 2023,Boy: 168cm,Kilo: 70kg,Bilgi mevcut değil,70 kilo 1.67 boyundayım. 40 beden aldım gayet güzel oldu. çok memnun kaldım,TRENDYOLMİLLA Siyah Eteği Volanlı A Kesim Şifon Midi Astarlı Dokuma Elbise TWOSS22EL00733
17 Haziran 2023,Boy: 163cm,Kilo: 60kg,Bilgi mevcut değil,Ürün güzel ama dikiş hataları var sürekli yukarı toparlanma yapıyor tül kısmı iade ettim,TRENDYOLMİLLA Siyah Eteği Volanlı A Kesim Şifon Midi Astarlı Dokuma Elbise TWOSS22EL00733
17 Haziran 2023,Bilgi mevcut değil,Bilgi mevcut değil,Bilgi mevcut değil,Ürünü aldım kargo ve paketleme gayet güzel teşekkürler,TRENDYOLMİLLA Siyah Eteği Volanlı A Kesim Şifon Midi Astarlı Dokuma Elbise TWOSS22EL00733
17 Haziran 2023,Bilgi mevcut değil,Bilgi mevcut değil,Bilgi mevcut değil,"çok zarif duran bir elbise ,tam beden",TRENDYOLMİLLA Siyah Eteği Volanlı A Kesim Şifon Midi Astarlı Dokuma Elbise TWOSS22EL00733
16 Haziran 2023,Bilgi mevcut değil,Bilgi mevcut değil,Bilgi mevcut değil,kalıbı dar,TRENDYOLMİLLA Siyah Eteği Volanlı A Kesim Şifon Midi Astarlı Dokuma Elbise TWOSS22EL00733
15 Haziran 2023,Boy: 160cm,Kilo: 48kg,Bilgi mevcut değil,Güzel şık begendim,TRENDYOLMİLLA Siyah Eteği Volanlı A Kesim Şifon Midi Astarlı Dokuma Elbise TWOSS22EL00733
15 Haziran 2023,Boy: 168cm,Kilo: 74kg,Bilgi mevcut değil,Çok beğendim,TRENDYOLMİLLA Siyah Eteği Volanlı A Kesim Şifon Midi Astarlı Dokuma Elbise TWOSS22EL00733
15 Haziran 2023,Bilgi mevcut değil,Bilgi mevcut değil,Bilgi mevcut değil,Beden olmadı,TRENDYOLMİLLA Siyah Eteği Volanlı A Kesim Şifon Midi Astarlı Dokuma Elbise TWOSS22EL00733
15 Haziran 2023,Boy: 164cm,Kilo: 51kg,Bilgi mevcut değil,güzel ama bi tarafın dikişini yanlış yapmışlar ona göre alın,TRENDYOLMİLLA Siyah Eteği Volanlı A Kesim Şifon Midi Astarlı Dokuma Elbise TWOSS22EL00733
15 Haziran 2023,Bilgi mevcut değil,Bilgi mevcut değil,Bilgi mevcut değil,cenaze için ideal bi seçim,TRENDYOLMİLLA Siyah Eteği Volanlı A Kesim Şifon Midi Astarlı Dokuma Elbise TWOSS22EL00733
14 Haziran 2023,Bilgi mevcut değil,Bilgi mevcut değil,Bilgi mevcut değil,"Çok güzel ve rahat her yere giyilebilir, bir beden büyük alınabilir.",TRENDYOLMİLLA Siyah Eteği Volanlı A Kesim Şifon Midi Astarlı Dokuma Elbise TWOSS22EL00733
14 Haziran 2023,Bilgi mevcut değil,Bilgi mevcut değil,Bilgi mevcut değil,inanılmaz güzel kalıp tam beden 🥰,TRENDYOLMİLLA Siyah Eteği Volanlı A Kesim Şifon Midi Astarlı Dokuma Elbise TWOSS22EL00733
13 Haziran 2023,Bilgi mevcut değil,Bilgi mevcut değil,Bilgi mevcut değil,"Elbise çok güzel, biraz kalıbı dar",TRENDYOLMİLLA Siyah Eteği Volanlı A Kesim Şifon Midi Astarlı Dokuma Elbise TWOSS22EL00733
13 Haziran 2023,Boy: 160cm,Kilo: 70kg,Bilgi mevcut değil,Model olarak çok güzel bir beden büyük tercih edebilirsiniz dar kalıp,TRENDYOLMİLLA Siyah Eteği Volanlı A Kesim Şifon Midi Astarlı Dokuma Elbise TWOSS22EL00733
13 Haziran 2023,Bilgi mevcut değil,Bilgi mevcut değil,Bilgi mevcut değil,Kalını dar bir beden büyük aldım onun dışında duruşu çok güzel iç göstermiyor rahatça giyebileceğiniz bir elbise,TRENDYOLMİLLA Siyah Eteği Volanlı A Kesim Şifon Midi Astarlı Dokuma Elbise TWOSS22EL00733
12 Haziran 2023,Bilgi mevcut değil,Bilgi mevcut değil,Bilgi mevcut değil,beklediğimden çok daha güzel durdu kesinlikle. fiyat performans ürünü,TRENDYOLMİLLA Siyah Eteği Volanlı A Kesim Şifon Midi Astarlı Dokuma Elbise TWOSS22EL00733
11 Haziran 2023,Bilgi mevcut değil,Bilgi mevcut değil,Bilgi mevcut değil,bayıldım gerçekten hem kumaşı hem duruşu harika,TRENDYOLMİLLA Siyah Eteği Volanlı A Kesim Şifon Midi Astarlı Dokuma Elbise TWOSS22EL00733
10 Haziran 2023,Boy: 155cm,Kilo: 65kg,Bilgi mevcut değil,bedeni küçük oldu iade ettim ama çok güzel elbise,TRENDYOLMİLLA Siyah Eteği Volanlı A Kesim Şifon Midi Astarlı Dokuma Elbise TWOSS22EL00733
10 Haziran 2023,Boy: 160cm,Kilo: 64kg,Bilgi mevcut değil,Bir 160 boy 64 kg tam oldu kumaşı fermuar dikimi güzeldi ben önüne ince bir taş yaptım daha şık durdu hafif bol olmasını istiyorduk hafif bol oldu,TRENDYOLMİLLA Siyah Eteği Volanlı A Kesim Şifon Midi Astarlı Dokuma Elbise TWOSS22EL00733
10 Haziran 2023,Bilgi mevcut değil,Bilgi mevcut değil,Bilgi mevcut değil,Ürün çok güzel eğer üstüne ze oturmasini istiyorsanız bi beden küçük alın süper duruyo baya beğendim 3 günde elime ulaştı baya şık bı elbise 42 kg 1.54 beden uzerimdeki 34 (XS) beden,TRENDYOLMİLLA Siyah Eteği Volanlı A Kesim Şifon Midi Astarlı Dokuma Elbise TWOSS22EL00733
09 Haziran 2023,Boy: 155cm,Kilo: 42kg,Bilgi mevcut değil,muhteşem teşekkürler,TRENDYOLMİLLA Siyah Eteği Volanlı A Kesim Şifon Midi Astarlı Dokuma Elbise TWOSS22EL00733
09 Haziran 2023,Boy: 168cm,Kilo: 61kg,Bilgi mevcut değil,elbise çok zarif kumaşı da çok iyi,TRENDYOLMİLLA Siyah Eteği Volanlı A Kesim Şifon Midi Astarlı Dokuma Elbise TWOSS22EL00733
08 Haziran 2023,Bilgi mevcut değil,Bilgi mevcut değil,Bilgi mevcut değil,elbise tam oldu çok güzel bayıldım,TRENDYOLMİLLA Siyah Eteği Volanlı A Kesim Şifon Midi Astarlı Dokuma Elbise TWOSS22EL00733
08 Haziran 2023,Bilgi mevcut değil,Bilgi mevcut değil,Bilgi mevcut değil,kalitesine bayıldım,TRENDYOLMİLLA Siyah Eteği Volanlı A Kesim Şifon Midi Astarlı Dokuma Elbise TWOSS22EL00733
08 Haziran 2023,Boy: 165cm,Kilo: 55kg,Bilgi mevcut değil,ürün güzel ben geç sipariş ettim 3gunde geldi ben elbiseyi bu kadar uzun olcagini zanetmedim ama yine bu fiyata göre mükemmel 1beden büyük alinmali,TRENDYOLMİLLA Siyah Eteği Volanlı A Kesim Şifon Midi Astarlı Dokuma Elbise TWOSS22EL00733
07 Haziran 2023,Boy: 165cm,Kilo: 55kg,Bilgi mevcut değil,Süper bi elbise kesinlikle tavsiye ediyorum,TRENDYOLMİLLA Siyah Eteği Volanlı A Kesim Şifon Midi Astarlı Dokuma Elbise TWOSS22EL00733
06 Haziran 2023,Boy: 155cm,Kilo: 55kg,Bilgi mevcut değil,Çok zarif ve şık bir elbise. 1.58 55 kilo 38 beden tam oldu.,TRENDYOLMİLLA Siyah Eteği Volanlı A Kesim Şifon Midi Astarlı Dokuma Elbise TWOSS22EL00733
06 Haziran 2023,Bilgi mevcut değil,Bilgi mevcut değil,Bilgi mevcut değil,Anneme aldım düğünde giyecek çok güzel bir model bayıldık,TRENDYOLMİLLA Siyah Eteği Volanlı A Kesim Şifon Midi Astarlı Dokuma Elbise TWOSS22EL00733
06 Haziran 2023,Boy: 155cm,Kilo: 65kg,Bilgi mevcut değil,Severek giyiniyorum,TRENDYOLMİLLA Siyah Eteği Volanlı A Kesim Şifon Midi Astarlı Dokuma Elbise TWOSS22EL00733
04 Haziran 2023,Bilgi mevcut değil,Bilgi mevcut değil,Bilgi mevcut değil,163 boy 63 kiloyum 38 bedeni biraz sıktı 40 bedende bol oldu belden üstüm daha incedir ama kumaşı duruşu falan güzel,TRENDYOLMİLLA Siyah Eteği Volanlı A Kesim Şifon Midi Astarlı Dokuma Elbise TWOSS22EL00733
04 Haziran 2023,Bilgi mevcut değil,Bilgi mevcut değil,Bilgi mevcut değil,cok güzel cok beğendim,TRENDYOLMİLLA Siyah Eteği Volanlı A Kesim Şifon Midi Astarlı Dokuma Elbise TWOSS22EL00733
02 Haziran 2023,Boy: 158cm,Kilo: 75kg,Bilgi mevcut değil,Çok kullanişli harika bir ürün giy özel güne git ardaşın düğüne nişana özel güne mis gibi boneonun tavsiyele aldim,TRENDYOLMİLLA Siyah Eteği Volanlı A Kesim Şifon Midi Astarlı Dokuma Elbise TWOSS22EL00733
02 Haziran 2023,Bilgi mevcut değil,Bilgi mevcut değil,Bilgi mevcut değil,Buyuk oldu ıade ettım,TRENDYOLMİLLA Siyah Eteği Volanlı A Kesim Şifon Midi Astarlı Dokuma Elbise TWOSS22EL00733
02 Haziran 2023,Bilgi mevcut değil,Bilgi mevcut değil,Bilgi mevcut değil,"Kalıbı biraz pot durdu. iade ettim, ancak kolları filan çok şık",TRENDYOLMİLLA Siyah Eteği Volanlı A Kesim Şifon Midi Astarlı Dokuma Elbise TWOSS22EL00733
25 Mayıs 2023,Bilgi mevcut değil,Bilgi mevcut değil,Bilgi mevcut değil,kemer takarak kullandım 160/60 kiloyum duruşu bu şekilde gayet hoş,TRENDYOLMİLLA Siyah Eteği Volanlı A Kesim Şifon Midi Astarlı Dokuma Elbise TWOSS22EL00733
24 Mayıs 2023,Boy: 165cm,Kilo: 50kg,Bilgi mevcut değil,Kardeşim kendine aldı tam oldu çok güzel şık bir elbise,TRENDYOLMİLLA Siyah Eteği Volanlı A Kesim Şifon Midi Astarlı Dokuma Elbise TWOSS22EL00733
24 Mayıs 2023,Bilgi mevcut değil,Bilgi mevcut değil,Bilgi mevcut değil,Güzel durmadı iade,TRENDYOLMİLLA Siyah Eteği Volanlı A Kesim Şifon Midi Astarlı Dokuma Elbise TWOSS22EL00733
18 Mayıs 2023,Bilgi mevcut değil,Bilgi mevcut değil,Bilgi mevcut değil,Çok zarif bir elbise 65 kilo 1.60 boy 40 beden tam oldu paketleme de güzeldi,TRENDYOLMİLLA Siyah Eteği Volanlı A Kesim Şifon Midi Astarlı Dokuma Elbise TWOSS22EL00733
16 Mayıs 2023,Bilgi mevcut değil,Bilgi mevcut değil,Bilgi mevcut değil,güzel ve kullanışlı,TRENDYOLMİLLA Siyah Eteği Volanlı A Kesim Şifon Midi Astarlı Dokuma Elbise TWOSS22EL00733
13 Mayıs 2023,Bilgi mevcut değil,Bilgi mevcut değil,Bilgi mevcut değil,Güzel ürün,TRENDYOLMİLLA Siyah Eteği Volanlı A Kesim Şifon Midi Astarlı Dokuma Elbise TWOSS22EL00733
13 Mayıs 2023,Bilgi mevcut değil,Bilgi mevcut değil,Bilgi mevcut değil,Kaliteli mükemmel,TRENDYOLMİLLA Siyah Eteği Volanlı A Kesim Şifon Midi Astarlı Dokuma Elbise TWOSS22EL00733
11 Mayıs 2023,Bilgi mevcut değil,Bilgi mevcut değil,Bilgi mevcut değil,Göründüğü gibi çok güzel ve zarif. Hızlı kargo için teşekkür ederim,TRENDYOLMİLLA Siyah Eteği Volanlı A Kesim Şifon Midi Astarlı Dokuma Elbise TWOSS22EL00733
09 Mayıs 2023,Bilgi mevcut değil,Bilgi mevcut değil,Bilgi mevcut değil,dar kalıp bir beden büyük alınabilir,TRENDYOLMİLLA Siyah Eteği Volanlı A Kesim Şifon Midi Astarlı Dokuma Elbise TWOSS22EL00733
05 Mayıs 2023,Bilgi mevcut değil,Bilgi mevcut değil,Bilgi mevcut değil,Çok güzel bir elbiseee,TRENDYOLMİLLA Siyah Eteği Volanlı A Kesim Şifon Midi Astarlı Dokuma Elbise TWOSS22EL00733
05 Mayıs 2023,Bilgi mevcut değil,Bilgi mevcut değil,Bilgi mevcut değil,ürün güzel ancak 42 bedeni 38 40 gibi olmadı,TRENDYOLMİLLA Siyah Eteği Volanlı A Kesim Şifon Midi Astarlı Dokuma Elbise TWOSS22EL00733
04 Mayıs 2023,Bilgi mevcut değil,Bilgi mevcut değil,Bilgi mevcut değil,Beğendik aşırı hanımefendi birbelbise,TRENDYOLMİLLA Siyah Eteği Volanlı A Kesim Şifon Midi Astarlı Dokuma Elbise TWOSS22EL00733
03 Mayıs 2023,Boy: 168cm,Kilo: 58kg,Bilgi mevcut değil,40 beden sipariş verdim biraz büyük ama olsun bedenim 38 normalde yorumlara bakarak bir beden büyük aldım bence tam beden alınmalı,TRENDYOLMİLLA Siyah Eteği Volanlı A Kesim Şifon Midi Astarlı Dokuma Elbise TWOSS22EL00733
03 Mayıs 2023,Bilgi mevcut değil,Bilgi mevcut değil,Bilgi mevcut değil,Elbise gelseydi deneyimlerimizi yazacaktım ancak yolda gelirken geri gitti durumu anlamadım.,TRENDYOLMİLLA Siyah Eteği Volanlı A Kesim Şifon Midi Astarlı Dokuma Elbise TWOSS22EL00733
01 Mayıs 2023,Bilgi mevcut değil,Bilgi mevcut değil,Bilgi mevcut değil,Çok güzel elbise çok beğendim,TRENDYOLMİLLA Siyah Eteği Volanlı A Kesim Şifon Midi Astarlı Dokuma Elbise TWOSS22EL00733
27 Nisan 2023,Boy: 165cm,Kilo: 110kg,Bilgi mevcut değil,Elbise çok güzel bana dar geldiği için iade ettim ama kalitesi falan çok iyiydi,TRENDYOLMİLLA Siyah Eteği Volanlı A Kesim Şifon Midi Astarlı Dokuma Elbise TWOSS22EL00733
26 Nisan 2023,Bilgi mevcut değil,Bilgi mevcut değil,Bilgi mevcut değil,elbise okadar güzelki istediğim her yere uyuyor ve her yerde giyiyorum,TRENDYOLMİLLA Siyah Eteği Volanlı A Kesim Şifon Midi Astarlı Dokuma Elbise TWOSS22EL00733
26 Nisan 2023,Boy: 163cm,Kilo: 73kg,Bilgi mevcut değil,Çok güzel çokk kibar bir elbise. Bayramda giymek için aldım. Herkes bayıldı. Ben önce 40 beden aldım ama biraz dar oldu . 42 beden tam ve rahat oldu. 1.63 boy 73 kiloyum.,TRENDYOLMİLLA Siyah Eteği Volanlı A Kesim Şifon Midi Astarlı Dokuma Elbise TWOSS22EL00733
26 Nisan 2023,Bilgi mevcut değil,Bilgi mevcut değil,Bilgi mevcut değil,üzerinizde harika duran Bi elbise fiyatı da uygun hanım hanımcık çok şık Bi elbise,TRENDYOLMİLLA Siyah Eteği Volanlı A Kesim Şifon Midi Astarlı Dokuma Elbise TWOSS22EL00733
25 Nisan 2023,Bilgi mevcut değil,Bilgi mevcut değil,Bilgi mevcut değil,yegenlerim icin aldik. cok memnunlar. elbise tam kalip . kendi bedeninizi alabilirsiniz.,TRENDYOLMİLLA Siyah Eteği Volanlı A Kesim Şifon Midi Astarlı Dokuma Elbise TWOSS22EL00733
24 Nisan 2023,Bilgi mevcut değil,Bilgi mevcut değil,Bilgi mevcut değil,güzel bir elbise kargo da gecikmedi hep m beden giydiğim halde aşırı dar oldu.,TRENDYOLMİLLA Siyah Eteği Volanlı A Kesim Şifon Midi Astarlı Dokuma Elbise TWOSS22EL00733
23 Nisan 2023,Boy: 169cm,Kilo: 72kg,Bilgi mevcut değil,Çok şık bir elbise tercih edebilirsiniz,TRENDYOLMİLLA Siyah Eteği Volanlı A Kesim Şifon Midi Astarlı Dokuma Elbise TWOSS22EL00733
21 Nisan 2023,Bilgi mevcut değil,Bilgi mevcut değil,Bilgi mevcut değil,Çok güzel severek kullanıyorum,TRENDYOLMİLLA Siyah Eteği Volanlı A Kesim Şifon Midi Astarlı Dokuma Elbise TWOSS22EL00733
15 Nisan 2023,Bilgi mevcut değil,Bilgi mevcut değil,Bilgi mevcut değil,"Ürünü Perşembe ile Cuma günü arasında olan gecede sipariş ettim. Cuma günü öğleden sonra elimdeydi. İnanılmaz hızlı geldi, hala şaşkınım. Elbise çok güzel ben sevdim. Arkadaşımın düğünü için aldım. 1.60 boy 74 kiloyum 42 beden aldım tam oldu.",TRENDYOLMİLLA Siyah Eteği Volanlı A Kesim Şifon Midi Astarlı Dokuma Elbise TWOSS22EL00733
15 Nisan 2023,Bilgi mevcut değil,Bilgi mevcut değil,Bilgi mevcut değil,güzel ürün,TRENDYOLMİLLA Siyah Eteği Volanlı A Kesim Şifon Midi Astarlı Dokuma Elbise TWOSS22EL00733
15 Nisan 2023,Bilgi mevcut değil,Bilgi mevcut değil,Bilgi mevcut değil,Çok güzel harika mutlaka alım,TRENDYOLMİLLA Siyah Eteği Volanlı A Kesim Şifon Midi Astarlı Dokuma Elbise TWOSS22EL00733
12 Nisan 2023,Bilgi mevcut değil,Bilgi mevcut değil,Bilgi mevcut değil,Yeni gelin elbisesi çok güzel,TRENDYOLMİLLA Siyah Eteği Volanlı A Kesim Şifon Midi Astarlı Dokuma Elbise TWOSS22EL00733
09 Nisan 2023,Bilgi mevcut değil,Bilgi mevcut değil,Bilgi mevcut değil,Güzel ve şık bir elbise kesinlikle kurtarıcı olabilir ama bana yakışmadığı için iade,TRENDYOLMİLLA Siyah Eteği Volanlı A Kesim Şifon Midi Astarlı Dokuma Elbise TWOSS22EL00733
09 Nisan 2023,Bilgi mevcut değil,Bilgi mevcut değil,Beden: 38,bedeninizi aynı alin tam olur dökümü kumaşı çok guzel,TRENDYOLMİLLA Siyah Eteği Volanlı A Kesim Şifon Midi Astarlı Dokuma Elbise TWOSS22EL00733
08 Nisan 2023,Bilgi mevcut değil,Bilgi mevcut değil,Beden: 42,ürün gayet güzel fakat 58 kiloya l beden dar geldi xl siparişi vereceğim,TRENDYOLMİLLA Siyah Eteği Volanlı A Kesim Şifon Midi Astarlı Dokuma Elbise TWOSS22EL00733
05 Nisan 2023,Bilgi mevcut değil,Bilgi mevcut değil,Beden: 36,1.60 boy 55 kilo 36 beden oldu boyuda dizin biraz altında kalıyor. Güzel bir elbise özel günlerde çok şık duruyor,TRENDYOLMİLLA Siyah Eteği Volanlı A Kesim Şifon Midi Astarlı Dokuma Elbise TWOSS22EL00733
05 Nisan 2023,Bilgi mevcut değil,Bilgi mevcut değil,Beden: 42,Bir beden büyük almanızı tavsiye ederim,TRENDYOLMİLLA Siyah Eteği Volanlı A Kesim Şifon Midi Astarlı Dokuma Elbise TWOSS22EL00733
03 Nisan 2023,Bilgi mevcut değil,Bilgi mevcut değil,Beden: 42,cok guzel bir urun,TRENDYOLMİLLA Siyah Eteği Volanlı A Kesim Şifon Midi Astarlı Dokuma Elbise TWOSS22EL00733
23 Mart 2023,Bilgi mevcut değil,Bilgi mevcut değil,Beden: 40,Şifon güzel bir ürün teşekkürler bir 70 boy 65kilo m beden aldım,TRENDYOLMİLLA Siyah Eteği Volanlı A Kesim Şifon Midi Astarlı Dokuma Elbise TWOSS22EL00733
19 Mart 2023,Bilgi mevcut değil,Bilgi mevcut değil,Beden: 42,Duruşu çokk güzel ve zarif bir elbise. Severek kullanıyorum,TRENDYOLMİLLA Siyah Eteği Volanlı A Kesim Şifon Midi Astarlı Dokuma Elbise TWOSS22EL00733
16 Mart 2023,Bilgi mevcut değil,Bilgi mevcut değil,Beden: 40,kurtarıcı şık bir elbise. 1 beden büyük daha rahat oldu,TRENDYOLMİLLA Siyah Eteği Volanlı A Kesim Şifon Midi Astarlı Dokuma Elbise TWOSS22EL00733
08 Ocak 2023,Bilgi mevcut değil,Bilgi mevcut değil,Beden: 42,Tirl tril şık şıkıdım bir elbise,TRENDYOLMİLLA Siyah Eteği Volanlı A Kesim Şifon Midi Astarlı Dokuma Elbise TWOSS22EL00733
26 Aralık 2022,Bilgi mevcut değil,Bilgi mevcut değil,Beden: 38,Yani güzel sade bi elbise 1.70 boy 60 kilo m beden güzel oldu,TRENDYOLMİLLA Siyah Eteği Volanlı A Kesim Şifon Midi Astarlı Dokuma Elbise TWOSS22EL00733
05 Aralık 2022,Bilgi mevcut değil,Bilgi mevcut değil,Beden: 42,Çok teşekkür ederim,TRENDYOLMİLLA Siyah Eteği Volanlı A Kesim Şifon Midi Astarlı Dokuma Elbise TWOSS22EL00733
04 Aralık 2022,Bilgi mevcut değil,Bilgi mevcut değil,Beden: 38,164 boy 58 kilo s beden tam oldu,TRENDYOLMİLLA Siyah Eteği Volanlı A Kesim Şifon Midi Astarlı Dokuma Elbise TWOSS22EL00733
03 Aralık 2022,Bilgi mevcut değil,Bilgi mevcut değil,Beden: 38,Basarılı ürün,TRENDYOLMİLLA Siyah Eteği Volanlı A Kesim Şifon Midi Astarlı Dokuma Elbise TWOSS22EL00733
29 Kasım 2022,Bilgi mevcut değil,Bilgi mevcut değil,Beden: 34,sade bir elbise beğenerek giyiyorum,TRENDYOLMİLLA Siyah Eteği Volanlı A Kesim Şifon Midi Astarlı Dokuma Elbise TWOSS22EL00733
28 Kasım 2022,Bilgi mevcut değil,Bilgi mevcut değil,Beden: 40,Çok çok çok beğendim,TRENDYOLMİLLA Siyah Eteği Volanlı A Kesim Şifon Midi Astarlı Dokuma Elbise TWOSS22EL00733
28 Kasım 2022,Bilgi mevcut değil,Bilgi mevcut değil,Beden: 42,"Basic bir elbise, dolaplarda bulunmasında yarar var..",TRENDYOLMİLLA Siyah Eteği Volanlı A Kesim Şifon Midi Astarlı Dokuma Elbise TWOSS22EL00733
28 Kasım 2022,Bilgi mevcut değil,Bilgi mevcut değil,Beden: 42,Elbise güzel zarif. beden tablosunda gogus ve bel olcusune bakarak tam beden almalisiniz.,TRENDYOLMİLLA Siyah Eteği Volanlı A Kesim Şifon Midi Astarlı Dokuma Elbise TWOSS22EL00733
26 Kasım 2022,Bilgi mevcut değil,Bilgi mevcut değil,Beden: 40,güzel bir elbise annemin için aldım aslında 164. 63 kilo ama 40 anca oldu garip bi darlıkta bence,TRENDYOLMİLLA Siyah Eteği Volanlı A Kesim Şifon Midi Astarlı Dokuma Elbise TWOSS22EL00733
25 Kasım 2022,Bilgi mevcut değil,Bilgi mevcut değil,Beden: 38,AŞIRI GÜZEL,TRENDYOLMİLLA Siyah Eteği Volanlı A Kesim Şifon Midi Astarlı Dokuma Elbise TWOSS22EL00733
25 Kasım 2022,Bilgi mevcut değil,Bilgi mevcut değil,Beden: 42,Bedeni uymadı iade ettim,TRENDYOLMİLLA Siyah Eteği Volanlı A Kesim Şifon Midi Astarlı Dokuma Elbise TWOSS22EL00733
23 Kasım 2022,Bilgi mevcut değil,Bilgi mevcut değil,Beden: 34,46 kilo 161 boyundayım. Çok güzel oldu elbise. Çok beğenerek kullanıyorum,TRENDYOLMİLLA Siyah Eteği Volanlı A Kesim Şifon Midi Astarlı Dokuma Elbise TWOSS22EL00733
22 Kasım 2022,Bilgi mevcut değil,Bilgi mevcut değil,Beden: 38,Hanım hanımcık bi elbise,TRENDYOLMİLLA Siyah Eteği Volanlı A Kesim Şifon Midi Astarlı Dokuma Elbise TWOSS22EL00733
19 Kasım 2022,Bilgi mevcut değil,Bilgi mevcut değil,Beden: 42,Harika bir elbise kurtarıcı,TRENDYOLMİLLA Siyah Eteği Volanlı A Kesim Şifon Midi Astarlı Dokuma Elbise TWOSS22EL00733
19 Kasım 2022,Bilgi mevcut değil,Bilgi mevcut değil,Beden: 42,Beklediğim gibi değildi kalitesi hoşuma gitmedi naylonumsu gibi bir elbise,TRENDYOLMİLLA Siyah Eteği Volanlı A Kesim Şifon Midi Astarlı Dokuma Elbise TWOSS22EL00733
17 Kasım 2022,Bilgi mevcut değil,Bilgi mevcut değil,Beden: 42,Çok şık tam beden alınmalı,TRENDYOLMİLLA Siyah Eteği Volanlı A Kesim Şifon Midi Astarlı Dokuma Elbise TWOSS22EL00733
16 Kasım 2022,Bilgi mevcut değil,Bilgi mevcut değil,Beden: 36,resimde daha kaliteli duruyor durusunu begenmedim,TRENDYOLMİLLA Siyah Eteği Volanlı A Kesim Şifon Midi Astarlı Dokuma Elbise TWOSS22EL00733
14 Kasım 2022,Bilgi mevcut değil,Bilgi mevcut değil,Beden: 42,"düğün için aldım, çok zarif bir elbise, çok beğendim, aynı bedeninize göre alabilirsiniz",TRENDYOLMİLLA Siyah Eteği Volanlı A Kesim Şifon Midi Astarlı Dokuma Elbise TWOSS22EL00733
12 Kasım 2022,Bilgi mevcut değil,Bilgi mevcut değil,Beden: 42,Çok güzel ve zarif,TRENDYOLMİLLA Siyah Eteği Volanlı A Kesim Şifon Midi Astarlı Dokuma Elbise TWOSS22EL00733
11 Kasım 2022,Bilgi mevcut değil,Bilgi mevcut değil,Beden: 40,çok kaliteli,TRENDYOLMİLLA Siyah Eteği Volanlı A Kesim Şifon Midi Astarlı Dokuma Elbise TWOSS22EL00733
09 Kasım 2022,Bilgi mevcut değil,Bilgi mevcut değil,Beden: 42,çok zarif herkesin dolabında bulunmali,TRENDYOLMİLLA Siyah Eteği Volanlı A Kesim Şifon Midi Astarlı Dokuma Elbise TWOSS22EL00733
08 Kasım 2022,Bilgi mevcut değil,Bilgi mevcut değil,Beden: 38,ürün güzel kendi bedeninizi alın,TRENDYOLMİLLA Siyah Eteği Volanlı A Kesim Şifon Midi Astarlı Dokuma Elbise TWOSS22EL00733
08 Kasım 2022,Bilgi mevcut değil,Bilgi mevcut değil,Beden: 38,Özel günler için şık ve kurtarıcı bir elbisem oldu. Fiyat performans ürünü.,TRENDYOLMİLLA Siyah Eteği Volanlı A Kesim Şifon Midi Astarlı Dokuma Elbise TWOSS22EL00733
01 Kasım 2022,Bilgi mevcut değil,Bilgi mevcut değil,Beden: 40,o kadar şik bir elbise ki . tam bir davet elbisesi,TRENDYOLMİLLA Siyah Eteği Volanlı A Kesim Şifon Midi Astarlı Dokuma Elbise TWOSS22EL00733
31 Ekim 2022,Bilgi mevcut değil,Bilgi mevcut değil,Beden: 38,elbisenin duruşu çok güzel,TRENDYOLMİLLA Siyah Eteği Volanlı A Kesim Şifon Midi Astarlı Dokuma Elbise TWOSS22EL00733
30 Ekim 2022,Bilgi mevcut değil,Bilgi mevcut değil,Beden: 40,Kalıbı çok dar bel kısmı özellikle bedenimi aldım küçük geldi,TRENDYOLMİLLA Siyah Eteği Volanlı A Kesim Şifon Midi Astarlı Dokuma Elbise TWOSS22EL00733
29 Ekim 2022,Bilgi mevcut değil,Bilgi mevcut değil,Beden: 38,kurtarıcı zarif bir elbise dolapta acil durumlar için kullanılabilir 38 beden tam oldu 162 boy 58 kilo,TRENDYOLMİLLA Siyah Eteği Volanlı A Kesim Şifon Midi Astarlı Dokuma Elbise TWOSS22EL00733
29 Ekim 2022,Bilgi mevcut değil,Bilgi mevcut değil,Beden: 38,Bir beden büyük alabilirsiniz çok şık kurtarıcı,TRENDYOLMİLLA Siyah Eteği Volanlı A Kesim Şifon Midi Astarlı Dokuma Elbise TWOSS22EL00733
27 Ekim 2022,Bilgi mevcut değil,Bilgi mevcut değil,Beden: 42,güzel bir elbise fakat kalıbı çok dar,TRENDYOLMİLLA Siyah Eteği Volanlı A Kesim Şifon Midi Astarlı Dokuma Elbise TWOSS22EL00733
27 Ekim 2022,Bilgi mevcut değil,Bilgi mevcut değil,Beden: 40,çok şık bu kadar uygun fiyata bu performans inanılmaz gercekten,TRENDYOLMİLLA Siyah Eteği Volanlı A Kesim Şifon Midi Astarlı Dokuma Elbise TWOSS22EL00733
24 Ekim 2022,Bilgi mevcut değil,Bilgi mevcut değil,Beden: 38,çok güzel kalıbı tam alabilirsiniz,TRENDYOLMİLLA Siyah Eteği Volanlı A Kesim Şifon Midi Astarlı Dokuma Elbise TWOSS22EL00733
24 Ekim 2022,Bilgi mevcut değil,Bilgi mevcut değil,Beden: 38,"çok şık durdu, beklediğimden iyiydi.",TRENDYOLMİLLA Siyah Eteği Volanlı A Kesim Şifon Midi Astarlı Dokuma Elbise TWOSS22EL00733
23 Ekim 2022,Bilgi mevcut değil,Bilgi mevcut değil,Beden: 38,özellikle fiyatına göre çok kaliteli güzel bı elbise,TRENDYOLMİLLA Siyah Eteği Volanlı A Kesim Şifon Midi Astarlı Dokuma Elbise TWOSS22EL00733
23 Ekim 2022,Bilgi mevcut değil,Bilgi mevcut değil,Beden: 40,Boyu uzun geldiği için iade etmek zorunda kaldım,TRENDYOLMİLLA Siyah Eteği Volanlı A Kesim Şifon Midi Astarlı Dokuma Elbise TWOSS22EL00733
23 Ekim 2022,Bilgi mevcut değil,Bilgi mevcut değil,Beden: 42,qiymətinə görə əla paltardı,TRENDYOLMİLLA Siyah Eteği Volanlı A Kesim Şifon Midi Astarlı Dokuma Elbise TWOSS22EL00733
22 Ekim 2022,Bilgi mevcut değil,Bilgi mevcut değil,Beden: 42,Aşırı şık,TRENDYOLMİLLA Siyah Eteği Volanlı A Kesim Şifon Midi Astarlı Dokuma Elbise TWOSS22EL00733
21 Ekim 2022,Bilgi mevcut değil,Bilgi mevcut değil,Beden: 38,harika bir elbise bayıldım fiziği inanılmaz güzel gösteriyor fakat kalıbı gerçekten dar normalde 36 giyiyorum ama 38 aldım iyi ki öyle almışım tamm oldu yani tamm,TRENDYOLMİLLA Siyah Eteği Volanlı A Kesim Şifon Midi Astarlı Dokuma Elbise TWOSS22EL00733
20 Ekim 2022,Bilgi mevcut değil,Bilgi mevcut değil,Beden: 42,Çok zarif🤍 özel günler için kurtarıcı bir parça güvenerek tercih edebilirsiniz,TRENDYOLMİLLA Siyah Eteği Volanlı A Kesim Şifon Midi Astarlı Dokuma Elbise TWOSS22EL00733
19 Ekim 2022,Bilgi mevcut değil,Bilgi mevcut değil,Beden: 40,"Harika bir elbise, bayıldım. Büyük alınmalı diyenleri çok anlayamadım çünkü bana kendi bedenim oldu.",TRENDYOLMİLLA Siyah Eteği Volanlı A Kesim Şifon Midi Astarlı Dokuma Elbise TWOSS22EL00733
19 Ekim 2022,Bilgi mevcut değil,Bilgi mevcut değil,Beden: 42,Gayet şık bir elbise,TRENDYOLMİLLA Siyah Eteği Volanlı A Kesim Şifon Midi Astarlı Dokuma Elbise TWOSS22EL00733
18 Ekim 2022,Bilgi mevcut değil,Bilgi mevcut değil,Beden: 42,Bir beden büyük alınmalı çok kullanılışlı bir ürün her dolapta olmalı kesinlikle,TRENDYOLMİLLA Siyah Eteği Volanlı A Kesim Şifon Midi Astarlı Dokuma Elbise TWOSS22EL00733
18 Ekim 2022,Bilgi mevcut değil,Bilgi mevcut değil,Beden: 42,Yıldız bile haketmiyor çöp gibi,TRENDYOLMİLLA Siyah Eteği Volanlı A Kesim Şifon Midi Astarlı Dokuma Elbise TWOSS22EL00733
18 Ekim 2022,Bilgi mevcut değil,Bilgi mevcut değil,Beden: 42,indirimde ve kupon ile çok uyguna almıştım. kurtarıcı bir elbise. herkesin dolabında bu tarz siyah elbise olmalı.,TRENDYOLMİLLA Siyah Eteği Volanlı A Kesim Şifon Midi Astarlı Dokuma Elbise TWOSS22EL00733
17 Ekim 2022,Bilgi mevcut değil,Bilgi mevcut değil,Beden: 38,çok güzel bir elbise 1.60 58 kiloyum m beden aldim,TRENDYOLMİLLA Siyah Eteği Volanlı A Kesim Şifon Midi Astarlı Dokuma Elbise TWOSS22EL00733
17 Ekim 2022,Bilgi mevcut değil,Bilgi mevcut değil,Beden: 42,Ust tarafi biraz zor geciyor ama normalde dar degil.Genel olarak begendim arkadaslarim da beğendi,TRENDYOLMİLLA Siyah Eteği Volanlı A Kesim Şifon Midi Astarlı Dokuma Elbise TWOSS22EL00733
17 Ekim 2022,Bilgi mevcut değil,Bilgi mevcut değil,Beden: 40,Çok güzel Üzülerek iade kalıbı dar benim için,TRENDYOLMİLLA Siyah Eteği Volanlı A Kesim Şifon Midi Astarlı Dokuma Elbise TWOSS22EL00733
16 Ekim 2022,Bilgi mevcut değil,Bilgi mevcut değil,Beden: 42,elbise güzel ama yorumlara bakarak büyük beden almıştım çok bol olduğu için iade ettim,TRENDYOLMİLLA Siyah Eteği Volanlı A Kesim Şifon Midi Astarlı Dokuma Elbise TWOSS22EL00733
15 Ekim 2022,Bilgi mevcut değil,Bilgi mevcut değil,Beden: 36,"160 boy 53 kilo, 36 tam beden boyu biraz uzundu kestirdim şık ve rahat duruyor",TRENDYOLMİLLA Siyah Eteği Volanlı A Kesim Şifon Midi Astarlı Dokuma Elbise TWOSS22EL00733
15 Ekim 2022,Bilgi mevcut değil,Bilgi mevcut değil,Beden: 42,Kesinlikle alınması gereken bir elbise hem sade hem şık her yerde giyilebilir 👍,TRENDYOLMİLLA Siyah Eteği Volanlı A Kesim Şifon Midi Astarlı Dokuma Elbise TWOSS22EL00733
14 Ekim 2022,Bilgi mevcut değil,Bilgi mevcut değil,Beden: 42,günü kurtarmak için olabileceklerin arasında dar geldiği için iade,TRENDYOLMİLLA Siyah Eteği Volanlı A Kesim Şifon Midi Astarlı Dokuma Elbise TWOSS22EL00733
12 Ekim 2022,Bilgi mevcut değil,Bilgi mevcut değil,Beden: 40,ürün güzel,TRENDYOLMİLLA Siyah Eteği Volanlı A Kesim Şifon Midi Astarlı Dokuma Elbise TWOSS22EL00733
12 Ekim 2022,Bilgi mevcut değil,Bilgi mevcut değil,Beden: 38,Güzel şık elbise,TRENDYOLMİLLA Siyah Eteği Volanlı A Kesim Şifon Midi Astarlı Dokuma Elbise TWOSS22EL00733
11 Ekim 2022,Bilgi mevcut değil,Bilgi mevcut değil,Beden: 40,kendime yakıştıramadım çok olgun gösterdi iade ettim,TRENDYOLMİLLA Siyah Eteği Volanlı A Kesim Şifon Midi Astarlı Dokuma Elbise TWOSS22EL00733
11 Ekim 2022,Bilgi mevcut değil,Bilgi mevcut değil,Beden: 38,mükemmel kurtarıcı bir elbise. mezuniyetime giydim üstüne 2 ayrı kınaya giydim. sade ve çok şık. beden konusunda beli tam oturan bir elbise o yüzden göbeğiniz varsa arkadan fermuarı kapanmayabilir kendi bedeninizden büyük alın mutlaka verilen manken ölçü bilgilerine bakmayı ona göre beden seçmeyi unutmayın.,TRENDYOLMİLLA Siyah Eteği Volanlı A Kesim Şifon Midi Astarlı Dokuma Elbise TWOSS22EL00733
11 Ekim 2022,Bilgi mevcut değil,Bilgi mevcut değil,Beden: 42,Biraz dar oldu ama gayet güEl,TRENDYOLMİLLA Siyah Eteği Volanlı A Kesim Şifon Midi Astarlı Dokuma Elbise TWOSS22EL00733
11 Ekim 2022,Bilgi mevcut değil,Bilgi mevcut değil,Beden: 42,beğenerek giyiyorum tavsiye ederim,TRENDYOLMİLLA Siyah Eteği Volanlı A Kesim Şifon Midi Astarlı Dokuma Elbise TWOSS22EL00733
10 Ekim 2022,Bilgi mevcut değil,Bilgi mevcut değil,Beden: 38,Elbiseyi çok beğendim. 165 boy 53 kiloya 36 beden aldım. Bedenımı çok sardığı ıcın degıstırıp 38 aldım . Kullanışlı ve kurtarıcı bir elbise,TRENDYOLMİLLA Siyah Eteği Volanlı A Kesim Şifon Midi Astarlı Dokuma Elbise TWOSS22EL00733
09 Ekim 2022,Bilgi mevcut değil,Bilgi mevcut değil,Beden: 42,"emin olmayarak aldım ama gayet güzel bir elbise , fiyata göre oldukça güzel , bir cemiyette veya iş ortamında da rahatlıkla giyilebilir.",TRENDYOLMİLLA Siyah Eteği Volanlı A Kesim Şifon Midi Astarlı Dokuma Elbise TWOSS22EL00733
09 Ekim 2022,Bilgi mevcut değil,Bilgi mevcut değil,Beden: 42,Göründüğü gibi şık bir elbise değil ve cok dar. Bir beden büyük alınmalı. 42 giyen 44 almali ama beden yok bu yuzden hiç almasın.,TRENDYOLMİLLA Siyah Eteği Volanlı A Kesim Şifon Midi Astarlı Dokuma Elbise TWOSS22EL00733
07 Ekim 2022,Bilgi mevcut değil,Bilgi mevcut değil,Beden: 42,fiyatına çok güzel zarif bir elbise kızıma da çok yakisti,TRENDYOLMİLLA Siyah Eteği Volanlı A Kesim Şifon Midi Astarlı Dokuma Elbise TWOSS22EL00733
06 Ekim 2022,Bilgi mevcut değil,Bilgi mevcut değil,Beden: 40,Bedeni uyduğu halde bel kısmı inanılmaz ve giyim olmuyor çok kötü kesinlikle bir beden büyük alın,TRENDYOLMİLLA Siyah Eteği Volanlı A Kesim Şifon Midi Astarlı Dokuma Elbise TWOSS22EL00733
05 Ekim 2022,Bilgi mevcut değil,Bilgi mevcut değil,Beden: 42,çok beğendim çok şık bir elbise tam istediğim gibi oldu,TRENDYOLMİLLA Siyah Eteği Volanlı A Kesim Şifon Midi Astarlı Dokuma Elbise TWOSS22EL00733
05 Ekim 2022,Bilgi mevcut değil,Bilgi mevcut değil,Beden: 42,Güzel beğendim fakat bana dar oldu iade etmek zorunda kaldım,TRENDYOLMİLLA Siyah Eteği Volanlı A Kesim Şifon Midi Astarlı Dokuma Elbise TWOSS22EL00733
02 Ekim 2022,Bilgi mevcut değil,Bilgi mevcut değil,Beden: 40,200e aldım şimdi baktım fiyat düşmüş jsjsjsj genel olarak güzel bir elbise ben kendi bedenimi aldım dar geldi keşke bir beden büyük alsaydım bol dursaydı ama genel kalarak beğendim,TRENDYOLMİLLA Siyah Eteği Volanlı A Kesim Şifon Midi Astarlı Dokuma Elbise TWOSS22EL00733
01 Ekim 2022,Bilgi mevcut değil,Bilgi mevcut değil,Beden: 42,Elbise çok güzeldi ama beden olarak küçük geldi,TRENDYOLMİLLA Siyah Eteği Volanlı A Kesim Şifon Midi Astarlı Dokuma Elbise TWOSS22EL00733
28 Eylül 2022,Bilgi mevcut değil,Bilgi mevcut değil,Beden: 38,bir beden büyük alabilirsiniz. kurtarıcı bir ürün,TRENDYOLMİLLA Siyah Eteği Volanlı A Kesim Şifon Midi Astarlı Dokuma Elbise TWOSS22EL00733
28 Eylül 2022,Bilgi mevcut değil,Bilgi mevcut değil,Beden: 42,harikaaaaaa bir elbise duruşu her şeyiyle çok güzel,TRENDYOLMİLLA Siyah Eteği Volanlı A Kesim Şifon Midi Astarlı Dokuma Elbise TWOSS22EL00733
28 Eylül 2022,Bilgi mevcut değil,Bilgi mevcut değil,Beden: 42,Fotoğrafta göründüğü gibi çok hoş çok şık bir elbise.Kargo da hızlı ve sorunsuz ulaştı. Zaten Milla elbiselerini hep sevmişimdir,TRENDYOLMİLLA Siyah Eteği Volanlı A Kesim Şifon Midi Astarlı Dokuma Elbise TWOSS22EL00733
27 Eylül 2022,Bilgi mevcut değil,Bilgi mevcut değil,Beden: 34,45 kilo 155 boy tam oldu harika,TRENDYOLMİLLA Siyah Eteği Volanlı A Kesim Şifon Midi Astarlı Dokuma Elbise TWOSS22EL00733
27 Eylül 2022,Bilgi mevcut değil,Bilgi mevcut değil,Beden: 38,Elbise harika bir elbise. Tam beden alinabilir.,TRENDYOLMİLLA Siyah Eteği Volanlı A Kesim Şifon Midi Astarlı Dokuma Elbise TWOSS22EL00733
26 Eylül 2022,Bilgi mevcut değil,Bilgi mevcut değil,Beden: 36,"Ürün güzel, kaliteli. Beğendim. S beden göğüs kısmından biraz üstten sıktı, terziyle bir çözüm deneyeceğim ya da M ile değiştireceğim.",TRENDYOLMİLLA Siyah Eteği Volanlı A Kesim Şifon Midi Astarlı Dokuma Elbise TWOSS22EL00733
25 Eylül 2022,Bilgi mevcut değil,Bilgi mevcut değil,Beden: 40,64 kiloyum l beden dar geldi karın kısmı oturdu hiç beğenmedim 👎,TRENDYOLMİLLA Siyah Eteği Volanlı A Kesim Şifon Midi Astarlı Dokuma Elbise TWOSS22EL00733
20 Eylül 2022,Bilgi mevcut değil,Bilgi mevcut değil,Beden: 42,Çok güzel duruyor. Kesinlikle bir beden büyük alın.,TRENDYOLMİLLA Siyah Eteği Volanlı A Kesim Şifon Midi Astarlı Dokuma Elbise TWOSS22EL00733
20 Eylül 2022,Bilgi mevcut değil,Bilgi mevcut değil,Beden: 40,çok zarif bir elbise,TRENDYOLMİLLA Siyah Eteği Volanlı A Kesim Şifon Midi Astarlı Dokuma Elbise TWOSS22EL00733
17 Eylül 2022,Bilgi mevcut değil,Bilgi mevcut değil,Beden: 40,Çok şık ✨ kaliteli işçilik 🌼,TRENDYOLMİLLA Siyah Eteği Volanlı A Kesim Şifon Midi Astarlı Dokuma Elbise TWOSS22EL00733
17 Eylül 2022,Bilgi mevcut değil,Bilgi mevcut değil,Beden: 42,ürün gerçekten mükemmel teşekkür ederim trendyol başarılarınızın devamını dilerim,TRENDYOLMİLLA Siyah Eteği Volanlı A Kesim Şifon Midi Astarlı Dokuma Elbise TWOSS22EL00733
16 Eylül 2022,Bilgi mevcut değil,Bilgi mevcut değil,Beden: 40,m gitmeme rağmen 40 beden aldım. ama maalesef olmadı çok cici ve sade şık elbise,TRENDYOLMİLLA Siyah Eteği Volanlı A Kesim Şifon Midi Astarlı Dokuma Elbise TWOSS22EL00733
15 Eylül 2022,Bilgi mevcut değil,Bilgi mevcut değil,Beden: 40,Her ortama giy çık bir elbise,TRENDYOLMİLLA Siyah Eteği Volanlı A Kesim Şifon Midi Astarlı Dokuma Elbise TWOSS22EL00733
08 Mayıs 2024,Boy: 165cm,Kilo: 60kg,Beden: 40,1.65 boy 60 kilo L beden büyük geldi. M daha iyi oturacak,TRENDYOLMİLLA Siyah Eteği Volanlı A Kesim Şifon Midi Astarlı Dokuma Elbise TWOSS22EL00733
25 Kasım 2023,Boy: 168cm,Kilo: 68kg,Beden: 34,güzel bir örün teşekkür ederim ☺️,TRENDYOLMİLLA Siyah Eteği Volanlı A Kesim Şifon Midi Astarlı Dokuma Elbise TWOSS22EL00733
05 Eylül 2023,Bilgi mevcut değil,Bilgi mevcut değil,Beden: 34,Güzel ürün,TRENDYOLMİLLA Siyah Eteği Volanlı A Kesim Şifon Midi Astarlı Dokuma Elbise TWOSS22EL00733
07 Ağustos 2023,Bilgi mevcut değil,Bilgi mevcut değil,Bilgi mevcut değil,teşekkür ederim,TRENDYOLMİLLA Siyah Eteği Volanlı A Kesim Şifon Midi Astarlı Dokuma Elbise TWOSS22EL00733
14 Temmuz 2023,Bilgi mevcut değil,Bilgi mevcut değil,Bilgi mevcut değil,Elbise çok güzel ama ya manken çok uzun yada ben çok kısayım. Gerçi boyum 1.70 ama elbise mankendekinden de uzun oldu beğenemedim o yüzden iade ettim,TRENDYOLMİLLA Siyah Eteği Volanlı A Kesim Şifon Midi Astarlı Dokuma Elbise TWOSS22EL00733
07 Temmuz 2023,Boy: 163cm,Kilo: 63kg,Bilgi mevcut değil,çok güzel ve zarif,TRENDYOLMİLLA Siyah Eteği Volanlı A Kesim Şifon Midi Astarlı Dokuma Elbise TWOSS22EL00733
27 Haziran 2023,Boy: 173cm,Kilo: 53kg,Bilgi mevcut değil,ürün çok güzel kalitesi duruşu yanlız bir beden büyük alınma ben 36 giyordum 38 aldım tam oldu teşekkür Trendyol.,TRENDYOLMİLLA Siyah Eteği Volanlı A Kesim Şifon Midi Astarlı Dokuma Elbise TWOSS22EL00733
26 Haziran 2023,Boy: 175cm,Kilo: 59kg,Bilgi mevcut değil,Ürünü çok beğendim,TRENDYOLMİLLA Siyah Eteği Volanlı A Kesim Şifon Midi Astarlı Dokuma Elbise TWOSS22EL00733
25 Haziran 2023,Boy: 155cm,Kilo: 75kg,Bilgi mevcut değil,Elbise güzel ancak beden küçül geldi üzülerek iade ettim.,TRENDYOLMİLLA Siyah Eteği Volanlı A Kesim Şifon Midi Astarlı Dokuma Elbise TWOSS22EL00733
23 Haziran 2023,Bilgi mevcut değil,Bilgi mevcut değil,Bilgi mevcut değil,hayatimda harcadigim en iyi 200 lira olabilir bu fiyata bu guzel durus ve kalite bayildim. harika bir elbise ben indirimden almistim ama bence bu fiyata da alinir cok naif her turlu ortamda giyilir muhtesemm,TRENDYOLMİLLA Siyah Eteği Volanlı A Kesim Şifon Midi Astarlı Dokuma Elbise TWOSS22EL00733
20 Haziran 2023,Bilgi mevcut değil,Bilgi mevcut değil,Bilgi mevcut değil,"Elbise güzel ama kalıbı çok dar 40 beden aldım 36 gibi geldi. Boyu 120 cm denmiş ama 106 cm, eni boyu küçük geldiği için üzülerek iade ediyorum",TRENDYOLMİLLA Siyah Eteği Volanlı A Kesim Şifon Midi Astarlı Dokuma Elbise TWOSS22EL00733
15 Haziran 2023,Boy: 152cm,Kilo: 54kg,Bilgi mevcut değil,çok kibar bir elbise aşırı hoşuma gitti eski zaman temalı bi parti için aldım çok güzel ya,TRENDYOLMİLLA Siyah Eteği Volanlı A Kesim Şifon Midi Astarlı Dokuma Elbise TWOSS22EL00733
14 Haziran 2023,Boy: 164cm,Kilo: 62kg,Bilgi mevcut değil,resimdekinin birebir aynısı geldi çok şık ve güzel tam beden alabilirsiniz,TRENDYOLMİLLA Siyah Eteği Volanlı A Kesim Şifon Midi Astarlı Dokuma Elbise TWOSS22EL00733
13 Haziran 2023,Boy: 164cm,Kilo: 74kg,Bilgi mevcut değil,Elbise çok güzel tam bedeninizi alın gayet hoş ve güzel duruyor.,TRENDYOLMİLLA Siyah Eteği Volanlı A Kesim Şifon Midi Astarlı Dokuma Elbise TWOSS22EL00733
10 Haziran 2023,Bilgi mevcut değil,Bilgi mevcut değil,Bilgi mevcut değil,160 65 kilo 42 beden aldım çok güzel tam oldu,TRENDYOLMİLLA Siyah Eteği Volanlı A Kesim Şifon Midi Astarlı Dokuma Elbise TWOSS22EL00733
09 Haziran 2023,Boy: 155cm,Kilo: 51kg,Bilgi mevcut değil,Anneme evde ki nişan için aldım 42 beden gayet güzel oldu 65 kilo boy 1.50,TRENDYOLMİLLA Siyah Eteği Volanlı A Kesim Şifon Midi Astarlı Dokuma Elbise TWOSS22EL00733
09 Haziran 2023,Boy: 175cm,Kilo: 75kg,Bilgi mevcut değil,Kalıbı güzel 👍🏻 tam bedeninizi tercih edebilirsiniz. 42 bedenim tam oldu,TRENDYOLMİLLA Siyah Eteği Volanlı A Kesim Şifon Midi Astarlı Dokuma Elbise TWOSS22EL00733
08 Haziran 2023,Bilgi mevcut değil,Bilgi mevcut değil,Bilgi mevcut değil,Elbise elime çok hızlı ulaştı oğlumun mezuniyet balosu için aldım. Çok kaliteli çok şık bir elbise. Verilen ölçülere göre alırsanız tam oluyor. iyi ki almışım. Kesinlikle tavsiyemdir.,TRENDYOLMİLLA Siyah Eteği Volanlı A Kesim Şifon Midi Astarlı Dokuma Elbise TWOSS22EL00733
07 Haziran 2023,Bilgi mevcut değil,Bilgi mevcut değil,Bilgi mevcut değil,"Ürün sorunsuz çok hızlı teslim edildi, teşekkür ederim. 1.60 boyunda 63,5 kiloda biri olarak başka markalarda 38 - 40 beden giyerken yorumlara bakarak 42 beden aldım ve tam oldu. Daha önce başka bir modelde aldığım 40 beden TRENDYOLMİLLA elbiseden de öğrendiğim üzere kalıplar dar ve mutlaka bir ya da iki beden büyüğü daha rahat oluyor.",TRENDYOLMİLLA Siyah Eteği Volanlı A Kesim Şifon Midi Astarlı Dokuma Elbise TWOSS22EL00733
07 Haziran 2023,Bilgi mevcut değil,Bilgi mevcut değil,Bilgi mevcut değil,elbise paketlemesi güzeldi ve kumaşı da güzel sağlam geldi .,TRENDYOLMİLLA Siyah Eteği Volanlı A Kesim Şifon Midi Astarlı Dokuma Elbise TWOSS22EL00733
06 Haziran 2023,Bilgi mevcut değil,Bilgi mevcut değil,Bilgi mevcut değil,Harika bir elbise bir akrabamizin düğününde giymek için aldım iyi ki almışım 155 boy 63 kilo ile 42 beden aldım üzerime dikilmiş gibi durdu teşekkür ederim,TRENDYOLMİLLA Siyah Eteği Volanlı A Kesim Şifon Midi Astarlı Dokuma Elbise TWOSS22EL00733
06 Haziran 2023,Bilgi mevcut değil,Bilgi mevcut değil,Bilgi mevcut değil,kalıbı duruşu harika,TRENDYOLMİLLA Siyah Eteği Volanlı A Kesim Şifon Midi Astarlı Dokuma Elbise TWOSS22EL00733
04 Haziran 2023,Bilgi mevcut değil,Bilgi mevcut değil,Beden: 42,"Çok zarif ve şık bir elbise, kalıbı bir tık dar, alırken bunu göz önünde bulundurmanızı öneririm.",TRENDYOLMİLLA Siyah Eteği Volanlı A Kesim Şifon Midi Astarlı Dokuma Elbise TWOSS22EL00733
04 Haziran 2023,Boy: 169cm,Kilo: 75kg,Bilgi mevcut değil,Beklediğimden daha kaliteli çıktı ürün,TRENDYOLMİLLA Siyah Eteği Volanlı A Kesim Şifon Midi Astarlı Dokuma Elbise TWOSS22EL00733
02 Haziran 2023,Bilgi mevcut değil,Bilgi mevcut değil,Bilgi mevcut değil,güzel bir elbise arkadaşımın nişanı için tercih ettim günü kurtardı,TRENDYOLMİLLA Siyah Eteği Volanlı A Kesim Şifon Midi Astarlı Dokuma Elbise TWOSS22EL00733
24 Mayıs 2023,Boy: 158cm,Kilo: 68kg,Bilgi mevcut değil,cok guzel geldi tesekkur ederim,TRENDYOLMİLLA Siyah Eteği Volanlı A Kesim Şifon Midi Astarlı Dokuma Elbise TWOSS22EL00733
19 Mayıs 2023,Bilgi mevcut değil,Bilgi mevcut değil,Bilgi mevcut değil,şık bir elbise ama bana uzun geldi boyum 1.57,TRENDYOLMİLLA Siyah Eteği Volanlı A Kesim Şifon Midi Astarlı Dokuma Elbise TWOSS22EL00733
14 Mayıs 2023,Bilgi mevcut değil,Bilgi mevcut değil,Bilgi mevcut değil,gayet şık oldu eşime rahat teşşekkür ederim,TRENDYOLMİLLA Siyah Eteği Volanlı A Kesim Şifon Midi Astarlı Dokuma Elbise TWOSS22EL00733
12 Mayıs 2023,Bilgi mevcut değil,Bilgi mevcut değil,Bilgi mevcut değil,Boyum 1.58 kilom 65 42 beden aldım tam oturdu.Kurtarıcı bir elbise,TRENDYOLMİLLA Siyah Eteği Volanlı A Kesim Şifon Midi Astarlı Dokuma Elbise TWOSS22EL00733
08 Mayıs 2023,Bilgi mevcut değil,Bilgi mevcut değil,Bilgi mevcut değil,Teşekkür ederim 🌻,TRENDYOLMİLLA Siyah Eteği Volanlı A Kesim Şifon Midi Astarlı Dokuma Elbise TWOSS22EL00733
26 Nisan 2023,Bilgi mevcut değil,Bilgi mevcut değil,Bilgi mevcut değil,ürün elime sağlam ulaştı 68 kiloyum L beden tam oldu,TRENDYOLMİLLA Siyah Eteği Volanlı A Kesim Şifon Midi Astarlı Dokuma Elbise TWOSS22EL00733
25 Aralık 2022,Bilgi mevcut değil,Bilgi mevcut değil,Beden: 42,174 boy 75 kilo 42 beden aldım süper durdu.İncecik gösteriyor.Boyu diz altımda kaldı.,TRENDYOLMİLLA Siyah Eteği Volanlı A Kesim Şifon Midi Astarlı Dokuma Elbise TWOSS22EL00733
16 Kasım 2022,Bilgi mevcut değil,Bilgi mevcut değil,Beden: 42,Elbise harika herkes çok beğendi. 1.70 boya 68 kilo böyle durdu. Kalıplar dar bir beden büyük alınmalı.,TRENDYOLMİLLA Siyah Eteği Volanlı A Kesim Şifon Midi Astarlı Dokuma Elbise TWOSS22EL00733
30 Ekim 2022,Bilgi mevcut değil,Bilgi mevcut değil,Beden: 38,"Sağlam geldi iyi paketlenmiş boyutu , vakumu gayet iyi. Teşekkür ederim.",TRENDYOLMİLLA Siyah Eteği Volanlı A Kesim Şifon Midi Astarlı Dokuma Elbise TWOSS22EL00733
20 Ekim 2022,Bilgi mevcut değil,Bilgi mevcut değil,Beden: 40,Çok güzel bir hediye oldu. Çok hızlı kargo. Teşekkür ederim,TRENDYOLMİLLA Siyah Eteği Volanlı A Kesim Şifon Midi Astarlı Dokuma Elbise TWOSS22EL00733
17 Ekim 2022,Bilgi mevcut değil,Bilgi mevcut değil,Beden: 38,klasik bir elbise,TRENDYOLMİLLA Siyah Eteği Volanlı A Kesim Şifon Midi Astarlı Dokuma Elbise TWOSS22EL00733
13 Ekim 2022,Bilgi mevcut değil,Bilgi mevcut değil,Beden: 38,elbise gerçketen üzerime tam oturdu çok rahat ve şık bir elbise,TRENDYOLMİLLA Siyah Eteği Volanlı A Kesim Şifon Midi Astarlı Dokuma Elbise TWOSS22EL00733
12 Ağustos 2022,Bilgi mevcut değil,Bilgi mevcut değil,Beden: 42,dün sipariş verdim bugün geldi. Çok teşekkür ederim.,TRENDYOLMİLLA Siyah Eteği Volanlı A Kesim Şifon Midi Astarlı Dokuma Elbise TWOSS22EL00733
11 Ağustos 2022,Bilgi mevcut değil,Bilgi mevcut değil,Beden: 40,kızıma aldım güzel sade ve şık bir elbise,TRENDYOLMİLLA Siyah Eteği Volanlı A Kesim Şifon Midi Astarlı Dokuma Elbise TWOSS22EL00733
10 Ağustos 2022,Bilgi mevcut değil,Bilgi mevcut değil,Beden: 38,Güzel sakin bir elbise çok sevdim,TRENDYOLMİLLA Siyah Eteği Volanlı A Kesim Şifon Midi Astarlı Dokuma Elbise TWOSS22EL00733
23 Temmuz 2022,Bilgi mevcut değil,Bilgi mevcut değil,Beden: 36,güzel ürün,TRENDYOLMİLLA Siyah Eteği Volanlı A Kesim Şifon Midi Astarlı Dokuma Elbise TWOSS22EL00733
21 Temmuz 2022,Bilgi mevcut değil,Bilgi mevcut değil,Beden: 40,her zaman kurtarıcı olacak bir elbise. fiyatı indirimde aldım memnunum.,TRENDYOLMİLLA Siyah Eteği Volanlı A Kesim Şifon Midi Astarlı Dokuma Elbise TWOSS22EL00733
19 Temmuz 2022,Bilgi mevcut değil,Bilgi mevcut değil,Beden: 40,"Güzel bir elbise, bedeni küçük geldiği için iade ettim, bir büyük bedeni gelince alacağım, teşekkür ederim trendyol, dikişler de bir sorun yok, satıcı firmayada teşekkür ederim.",TRENDYOLMİLLA Siyah Eteği Volanlı A Kesim Şifon Midi Astarlı Dokuma Elbise TWOSS22EL00733
19 Temmuz 2022,Bilgi mevcut değil,Bilgi mevcut değil,Beden: 40,57 kilo 1.59 boyundayım 38 beden sipariş verdim fakat çok dar oldu üstü kısmı özellikle iade ederek 40 beden aldim cok rahat oldu.Kesinlikle tavsiye ediyorum kurtarıcı parca.🌸👏,TRENDYOLMİLLA Siyah Eteği Volanlı A Kesim Şifon Midi Astarlı Dokuma Elbise TWOSS22EL00733
17 Temmuz 2022,Bilgi mevcut değil,Bilgi mevcut değil,Beden: 38,Boyum 1.68 mankendeki gibi dursaydı daha çok beğenecektim ama geri iade etmeyeceğim illa lazım olur,TRENDYOLMİLLA Siyah Eteği Volanlı A Kesim Şifon Midi Astarlı Dokuma Elbise TWOSS22EL00733
16 Temmuz 2022,Bilgi mevcut değil,Bilgi mevcut değil,Beden: 40,Şık bir ürün çok zarif sadece bedenleri sıkıntılı 40 sipariş verdim etiket 40 elbise 38 beden ama tam oldu.Kaliteli ve uygun fiyatlı,TRENDYOLMİLLA Siyah Eteği Volanlı A Kesim Şifon Midi Astarlı Dokuma Elbise TWOSS22EL00733
07 Temmuz 2022,Bilgi mevcut değil,Bilgi mevcut değil,Beden: 38,Kupon ile 110 liraya aldım çok zarif kurtarıcı bir elbise boy 170 kilo 58 M beden tam oldu,TRENDYOLMİLLA Siyah Eteği Volanlı A Kesim Şifon Midi Astarlı Dokuma Elbise TWOSS22EL00733
03 Temmuz 2022,Bilgi mevcut değil,Bilgi mevcut değil,Beden: 42,harika oldu tam kalıp teşekkürler beğenerek giyeceğim bu paraya çok iyi urun indirimden aldım birde kupon kullandım 109 tl ye geldi teşekkürler trendyolmilla,TRENDYOLMİLLA Siyah Eteği Volanlı A Kesim Şifon Midi Astarlı Dokuma Elbise TWOSS22EL00733
30 Haziran 2022,Bilgi mevcut değil,Bilgi mevcut değil,Beden: 38,Harika çok zarif bi elbise tam bedeninizi alın,TRENDYOLMİLLA Siyah Eteği Volanlı A Kesim Şifon Midi Astarlı Dokuma Elbise TWOSS22EL00733
27 Haziran 2022,Bilgi mevcut değil,Bilgi mevcut değil,Beden: 42,Çokk guzel Bi elbise beden 42 aldık fakat 38 beden gibi maalesef ondan dolayı iade ettim kargo süperr hızlı akşam söyledim sabah geldi teşekkür ederim,TRENDYOLMİLLA Siyah Eteği Volanlı A Kesim Şifon Midi Astarlı Dokuma Elbise TWOSS22EL00733
26 Haziran 2022,Bilgi mevcut değil,Bilgi mevcut değil,Beden: 38,çok kibar şık bir elbise çok beğendiğim oğlumun mezuniyet partisi için aldım 56 kilo ya 38 beden aldım çok ta güzel oldu arkadaşlarım çok beğendi,TRENDYOLMİLLA Siyah Eteği Volanlı A Kesim Şifon Midi Astarlı Dokuma Elbise TWOSS22EL00733
24 Haziran 2022,Bilgi mevcut değil,Bilgi mevcut değil,Beden: 42,çok zarif çok güzel bir elbise.. boyum 1.70 kilom 63 normalde 38 40 giyiyorum yorumlara bakarak 42 aldım ve tam oldu ne çok dar ne bol.. ben çok beğendim,TRENDYOLMİLLA Siyah Eteği Volanlı A Kesim Şifon Midi Astarlı Dokuma Elbise TWOSS22EL00733
24 Haziran 2022,Bilgi mevcut değil,Bilgi mevcut değil,Beden: 42,beğendim kurtarıcı bir elbise,TRENDYOLMİLLA Siyah Eteği Volanlı A Kesim Şifon Midi Astarlı Dokuma Elbise TWOSS22EL00733
23 Haziran 2022,Bilgi mevcut değil,Bilgi mevcut değil,Beden: 40,çok güzel abiye niyetine de giyilir. 170 boy 58 kiloya 38 dar geldi iade 40 tam uydu,TRENDYOLMİLLA Siyah Eteği Volanlı A Kesim Şifon Midi Astarlı Dokuma Elbise TWOSS22EL00733
23 Haziran 2022,Bilgi mevcut değil,Bilgi mevcut değil,Beden: 40,"Elbise çok güzel, modeli çok çok zarif. Kalıbı biraz dar gibi geldi bize. Ama model süper. Akşam sipariş verdik ertesi gün elimize ulaştı. Teşekkür ederiz Trendyolll",TRENDYOLMİLLA Siyah Eteği Volanlı A Kesim Şifon Midi Astarlı Dokuma Elbise TWOSS22EL00733
23 Haziran 2022,Bilgi mevcut değil,Bilgi mevcut değil,Beden: 42,Güzel elbise ama bir beden büyük alın,TRENDYOLMİLLA Siyah Eteği Volanlı A Kesim Şifon Midi Astarlı Dokuma Elbise TWOSS22EL00733
23 Haziran 2022,Bilgi mevcut değil,Bilgi mevcut değil,Beden: 38,"165 boy , 58 kilo 38 beden tam oldu , çok hoş zarif bir elbise",TRENDYOLMİLLA Siyah Eteği Volanlı A Kesim Şifon Midi Astarlı Dokuma Elbise TWOSS22EL00733
23 Haziran 2022,Bilgi mevcut değil,Bilgi mevcut değil,Beden: 40,"Zarif , harika.. Tavsiye ederim.. Rahat olsun derseniz bir beden büyük alın...Kalıp biraz dar ..",TRENDYOLMİLLA Siyah Eteği Volanlı A Kesim Şifon Midi Astarlı Dokuma Elbise TWOSS22EL00733
23 Haziran 2022,Bilgi mevcut değil,Bilgi mevcut değil,Beden: 40,Elbise guzel rahat tam beden alabilirsiniz sadrcr arka dikişte sorun var o yuzden 4 yildiz verdim,TRENDYOLMİLLA Siyah Eteği Volanlı A Kesim Şifon Midi Astarlı Dokuma Elbise TWOSS22EL00733
22 Haziran 2022,Bilgi mevcut değil,Bilgi mevcut değil,Beden: 40,güzel elbise,TRENDYOLMİLLA Siyah Eteği Volanlı A Kesim Şifon Midi Astarlı Dokuma Elbise TWOSS22EL00733
22 Haziran 2022,Bilgi mevcut değil,Bilgi mevcut değil,Beden: 42,Ürün çok güzel ama kalıbı küçük kesinlkşe 1 beden büyük alınmalı,TRENDYOLMİLLA Siyah Eteği Volanlı A Kesim Şifon Midi Astarlı Dokuma Elbise TWOSS22EL00733
22 Haziran 2022,Bilgi mevcut değil,Bilgi mevcut değil,Beden: 42,Kalıbı güzel fakat 1 beden büyüğünü alın göbek varsa,TRENDYOLMİLLA Siyah Eteği Volanlı A Kesim Şifon Midi Astarlı Dokuma Elbise TWOSS22EL00733
22 Haziran 2022,Bilgi mevcut değil,Bilgi mevcut değil,Beden: 40,ürün çok şık bedeninize göre alın ben çok beğendim,TRENDYOLMİLLA Siyah Eteği Volanlı A Kesim Şifon Midi Astarlı Dokuma Elbise TWOSS22EL00733
21 Haziran 2022,Bilgi mevcut değil,Bilgi mevcut değil,Beden: 42,üründe dikim hatası mevcut. Beden kalıbı kesinlikle 42 beden değil. Ayrıca ücret iadesi olan 50 TL'nin kartıma yansıtılmasını istiyoruz kupon olarak verilmesini kabul etmiyoruz.,TRENDYOLMİLLA Siyah Eteği Volanlı A Kesim Şifon Midi Astarlı Dokuma Elbise TWOSS22EL00733
21 Haziran 2022,Bilgi mevcut değil,Bilgi mevcut değil,Beden: 40,boyum 1.75 kilo 70 40 beden tam oldu esneyen bir kumaş değil bilginiz olsun ve zayıf gösteren şık bir elbise,TRENDYOLMİLLA Siyah Eteği Volanlı A Kesim Şifon Midi Astarlı Dokuma Elbise TWOSS22EL00733
21 Haziran 2022,Bilgi mevcut değil,Bilgi mevcut değil,Beden: 40,Fiat çok uygun ürün çok güzel tavsiye ederim,TRENDYOLMİLLA Siyah Eteği Volanlı A Kesim Şifon Midi Astarlı Dokuma Elbise TWOSS22EL00733
20 Haziran 2022,Bilgi mevcut değil,Bilgi mevcut değil,Beden: 42,fiyatina gore mukemmel bir elbise cok şık ve cok zarif duruyor bir beden buyuk aldim tam oldu kumasi kaliteside cok iyi tesekkurler trendyol,TRENDYOLMİLLA Siyah Eteği Volanlı A Kesim Şifon Midi Astarlı Dokuma Elbise TWOSS22EL00733
18 Haziran 2022,Bilgi mevcut değil,Bilgi mevcut değil,Beden: 42,Çok güzel alın alın alın çok zarif duruyor boy 170 kilo 75 42 aldım tam oluyor sadece belden oturtma olduğu için zor giyiliyor yoksa efsane 👌,TRENDYOLMİLLA Siyah Eteği Volanlı A Kesim Şifon Midi Astarlı Dokuma Elbise TWOSS22EL00733
17 Haziran 2022,Bilgi mevcut değil,Bilgi mevcut değil,Beden: 36,çok çok çok zarif.kendi bedeninizi almanızı öneririm.,TRENDYOLMİLLA Siyah Eteği Volanlı A Kesim Şifon Midi Astarlı Dokuma Elbise TWOSS22EL00733
16 Haziran 2022,Bilgi mevcut değil,Bilgi mevcut değil,Beden: 42,"Ürün gerçekten güzel lakin 1 beden büyük almama rağmen fermuarını kapatamadım. Fermuarı ince fermuarlardan ve dikiş yerinden başkasının yardımı olmadan ilerlemiyor. Tek yaşayan biriyim. Arkadaşımın nikahı için aldım ama arkasını kapatacak kimsem olmadığı için maalesef giyemeyeceğim. Onun dışında çok güzel. Bir gün arkasını kapatmama yardım edecek b
Devamını Oku",TRENDYOLMİLLA Siyah Eteği Volanlı A Kesim Şifon Midi Astarlı Dokuma Elbise TWOSS22EL00733
11 Haziran 2022,Bilgi mevcut değil,Bilgi mevcut değil,Beden: 36,Kizlar elbise yikiliyor alin aldirin. 1.60 boy 52 kilo 36 beden aldim belim ince oldugu icinn cokk hafif ama cok hfif bol oldu bayildim elbiseye ❤️❤️,TRENDYOLMİLLA Siyah Eteği Volanlı A Kesim Şifon Midi Astarlı Dokuma Elbise TWOSS22EL00733
08 Haziran 2022,Bilgi mevcut değil,Bilgi mevcut değil,Beden: 36,48kilo 36beden super ürün,TRENDYOLMİLLA Siyah Eteği Volanlı A Kesim Şifon Midi Astarlı Dokuma Elbise TWOSS22EL00733
07 Haziran 2022,Bilgi mevcut değil,Bilgi mevcut değil,Beden: 36,bayıldım 🌸🌸,TRENDYOLMİLLA Siyah Eteği Volanlı A Kesim Şifon Midi Astarlı Dokuma Elbise TWOSS22EL00733
06 Haziran 2022,Bilgi mevcut değil,Bilgi mevcut değil,Beden: 36,"158 boy ,47 kiloyum s beden tercih ettim oldu ,ürün harika sözüm için kullanacağım içiniz rahat alabilirsiniz :)2 gün önce sipariş ettim hemen teslim edildi satıcı ve kargo harika ✌️",TRENDYOLMİLLA Siyah Eteği Volanlı A Kesim Şifon Midi Astarlı Dokuma Elbise TWOSS22EL00733
25 Mayıs 2022,Bilgi mevcut değil,Bilgi mevcut değil,Beden: 38,İçinde astarı var günlük güzel bi elbise 1.60 boy 50 kilo 38 büyük geldi iade edip 36 alıcam,TRENDYOLMİLLA Siyah Eteği Volanlı A Kesim Şifon Midi Astarlı Dokuma Elbise TWOSS22EL00733
18 Mayıs 2022,Bilgi mevcut değil,Bilgi mevcut değil,Beden: 42,İndirimle 142 liraya aldım kumaşı dokusu gayet güzel.,TRENDYOLMİLLA Siyah Eteği Volanlı A Kesim Şifon Midi Astarlı Dokuma Elbise TWOSS22EL00733
14 Mayıs 2022,Bilgi mevcut değil,Bilgi mevcut değil,Beden: 40,Çok zarif bi elbise kuponla çok uyguna geldi 70 kiloyum 40 beden bi tık sıktı 42 alsam daha rahat olurdu,TRENDYOLMİLLA Siyah Eteği Volanlı A Kesim Şifon Midi Astarlı Dokuma Elbise TWOSS22EL00733
13 Mayıs 2022,Bilgi mevcut değil,Bilgi mevcut değil,Beden: 42,çeyizim için sipariş verdim 74 kiloyum 42 beden söyledim tam oldu. siyah güzel sade şifon bir elbise almak isteyen varsa bu fiyata kaçırmasın derim,TRENDYOLMİLLA Siyah Eteği Volanlı A Kesim Şifon Midi Astarlı Dokuma Elbise TWOSS22EL00733
12 Mayıs 2022,Bilgi mevcut değil,Bilgi mevcut değil,Beden: 38,Çok beğendim çok güzel bi ürün. 55 kilo 1.60 boy 38 beden tam oldu. 🤗,TRENDYOLMİLLA Siyah Eteği Volanlı A Kesim Şifon Midi Astarlı Dokuma Elbise TWOSS22EL00733
11 Mayıs 2022,Bilgi mevcut değil,Bilgi mevcut değil,Beden: 38,Elbise güzel ama kalıbı çok dar.1.62 boy 60 kilo m beden aldım aşırı dar oldu mecburen iade.,TRENDYOLMİLLA Siyah Eteği Volanlı A Kesim Şifon Midi Astarlı Dokuma Elbise TWOSS22EL00733
09 Mayıs 2022,Bilgi mevcut değil,Bilgi mevcut değil,Beden: 38,gayet güzel fiyatı da çok iyi. tam bedeninizi alabilirsiniz 163 boy 58 kilo 38 beden tam oldu. teşekkür ederim.,TRENDYOLMİLLA Siyah Eteği Volanlı A Kesim Şifon Midi Astarlı Dokuma Elbise TWOSS22EL00733
07 Mayıs 2022,Bilgi mevcut değil,Bilgi mevcut değil,Beden: 38,Elbise cok güzel kumaşı kaliteli baseni olanlar bir beden büyük alabilir 36 aldım olmadı 38 sipariş verdim,TRENDYOLMİLLA Siyah Eteği Volanlı A Kesim Şifon Midi Astarlı Dokuma Elbise TWOSS22EL00733
07 Ağustos 2024,Boy: 153cm,Kilo: 53kg,Beden: 34,Ürün göründüğü gibi ancak dikişleri çok kötü paketleme çok kötü geldi ancak kargo hızlıydı fiyatı hak etmiyor pazar malı,TRENDYOLMİLLA Siyah Eteği Volanlı A Kesim Şifon Midi Astarlı Dokuma Elbise TWOSS22EL00733
07 Ağustos 2024,Boy: 160cm,Kilo: 68kg,Beden: 42,elbisem göründüğü gibi geldi sorunsuz,TRENDYOLMİLLA Siyah Eteği Volanlı A Kesim Şifon Midi Astarlı Dokuma Elbise TWOSS22EL00733
29 Temmuz 2024,Boy: 160cm,Kilo: 52kg,Beden: 42,Elbise çok güzel ancak dikiş hatası var. İade edip tekrar alacağım,TRENDYOLMİLLA Siyah Eteği Volanlı A Kesim Şifon Midi Astarlı Dokuma Elbise TWOSS22EL00733
27 Temmuz 2024,Boy: 171cm,Kilo: 82kg,Beden: 44,rengi çok tatlı üzerinde çok güzel duruyor bayıldımmmmm o kadar dar değil normalde göğüs sıkıntısı çekerim ama olmadı 82 kilo boy 171,TRENDYOLMİLLA Siyah Eteği Volanlı A Kesim Şifon Midi Astarlı Dokuma Elbise TWOSS22EL00733
26 Temmuz 2024,Boy: 175cm,Kilo: 52kg,Beden: 42,annem için almıştım çok beğendi tam beden alınabilir çok tatlı bir elbise 🤍,TRENDYOLMİLLA Siyah Eteği Volanlı A Kesim Şifon Midi Astarlı Dokuma Elbise TWOSS22EL00733
26 Temmuz 2024,Boy: 183cm,Kilo: 93kg,Beden: 44,"Bu elbisenin kırmızısını severek kullandığımdan siyahını almak istedim, model olarak çok zarif sade şık bir elbise fakat dikişleri problemli. Sırt fermuar dikişleri yamuk. Fermuarın alt başlangıcı sol üst son kısmı sağa doğru ilerliyor. Cemiyet için alacaksacanız eğer tek seçenek bu elbise olmasın benim gibi zora düşmeyin.",TRENDYOLMİLLA Siyah Eteği Volanlı A Kesim Şifon Midi Astarlı Dokuma Elbise TWOSS22EL00733
24 Temmuz 2024,Boy: 163cm,Kilo: 60kg,Beden: 40,Ürünüm hatalı geldi ve kendime yakıştıramadım,TRENDYOLMİLLA Siyah Eteği Volanlı A Kesim Şifon Midi Astarlı Dokuma Elbise TWOSS22EL00733
23 Temmuz 2024,Boy: 170cm,Kilo: 65kg,Beden: 40,yırtık geldi iade,TRENDYOLMİLLA Siyah Eteği Volanlı A Kesim Şifon Midi Astarlı Dokuma Elbise TWOSS22EL00733
10 Temmuz 2024,Bilgi mevcut değil,Bilgi mevcut değil,Beden: 44,kolları çok uzun duruyor ve bedeni küçük geldi o yüzden iade ettim,TRENDYOLMİLLA Siyah Eteği Volanlı A Kesim Şifon Midi Astarlı Dokuma Elbise TWOSS22EL00733
12 Haziran 2024,Bilgi mevcut değil,Bilgi mevcut değil,Beden: 38,Kenarında çıkıntı gibi bir şey vardı ve kalıbı dar beğenmedim iade maalesef,TRENDYOLMİLLA Siyah Eteği Volanlı A Kesim Şifon Midi Astarlı Dokuma Elbise TWOSS22EL00733
27 Mayıs 2024,Bilgi mevcut değil,Bilgi mevcut değil,Beden: 42,dikişleri bi tuhaf. Ne düz ne yamuk gibi. düzeltiyorum önden düzeliyor arkadan yamuluyor,TRENDYOLMİLLA Siyah Eteği Volanlı A Kesim Şifon Midi Astarlı Dokuma Elbise TWOSS22EL00733
22 Mayıs 2024,Bilgi mevcut değil,Bilgi mevcut değil,Beden: 38,"kalça kenarlarında dikiş hataları var. bedeni sorunlu, normalde M beden giyiyorum aşırı geniş oldu. kumaşı ve duruşu hiç iyi değil, sırf üşendiğimden iade etmiyorum.",TRENDYOLMİLLA Siyah Eteği Volanlı A Kesim Şifon Midi Astarlı Dokuma Elbise TWOSS22EL00733
07 Mayıs 2024,Boy: 162cm,Kilo: 50kg,Beden: 36,mezuniyet için b planı olsun diye almıştım ve hiç beklentim yoktu ama aldığım asıl elbiseden çok daha güzel bunu giyicem cidden bu kadar güzel beklemiyodum düşünmeden alabilirsinizz,TRENDYOLMİLLA Siyah Eteği Volanlı A Kesim Şifon Midi Astarlı Dokuma Elbise TWOSS22EL00733
03 Mayıs 2024,Boy: 164cm,Kilo: 65kg,Beden: 42,Omuz kısmı geniş olan kişiler 1 beden büyük almalı çünkü kalıbı dar kesim . Kumaş kalitesi fena değil,TRENDYOLMİLLA Siyah Eteği Volanlı A Kesim Şifon Midi Astarlı Dokuma Elbise TWOSS22EL00733
11 Kasım 2023,Boy: 161cm,Kilo: 69kg,Beden: 42,dikişleri kalitesi çok kötü iade,TRENDYOLMİLLA Siyah Eteği Volanlı A Kesim Şifon Midi Astarlı Dokuma Elbise TWOSS22EL00733
05 Kasım 2023,Boy: 165cm,Kilo: 63kg,Beden: 40,Şık bi elbise,TRENDYOLMİLLA Siyah Eteği Volanlı A Kesim Şifon Midi Astarlı Dokuma Elbise TWOSS22EL00733
01 Kasım 2023,Boy: 169cm,Kilo: 59kg,Beden: 40,Fena değil,TRENDYOLMİLLA Siyah Eteği Volanlı A Kesim Şifon Midi Astarlı Dokuma Elbise TWOSS22EL00733
18 Ekim 2023,Boy: 165cm,Kilo: 75kg,Beden: 42,Dar kalıbı var kumaşını çok beğenmedim pamuklu değil,TRENDYOLMİLLA Siyah Eteği Volanlı A Kesim Şifon Midi Astarlı Dokuma Elbise TWOSS22EL00733
09 Ekim 2023,Boy: 172cm,Kilo: 55kg,Beden: 36,çok çok güzel çok şık,TRENDYOLMİLLA Siyah Eteği Volanlı A Kesim Şifon Midi Astarlı Dokuma Elbise TWOSS22EL00733
06 Ekim 2023,Boy: 158cm,Kilo: 60kg,Beden: 40,ben çok beğendim satıcıya teşekkür ederim 💖,TRENDYOLMİLLA Siyah Eteği Volanlı A Kesim Şifon Midi Astarlı Dokuma Elbise TWOSS22EL00733
06 Ekim 2023,Boy: 175cm,Kilo: 85kg,Beden: 40,Harika ürün,TRENDYOLMİLLA Siyah Eteği Volanlı A Kesim Şifon Midi Astarlı Dokuma Elbise TWOSS22EL00733
02 Ekim 2023,Bilgi mevcut değil,Bilgi mevcut değil,Bilgi mevcut değil,Aşırı güzel bir elbise vücütta da güzel duruyor ama bana büyük geldiği için iade ettim.,TRENDYOLMİLLA Siyah Eteği Volanlı A Kesim Şifon Midi Astarlı Dokuma Elbise TWOSS22EL00733
25 Eylül 2023,Bilgi mevcut değil,Bilgi mevcut değil,Beden: 40,güzel ürün,TRENDYOLMİLLA Siyah Eteği Volanlı A Kesim Şifon Midi Astarlı Dokuma Elbise TWOSS22EL00733
05 Ağustos 2023,Boy: 160cm,Kilo: 59kg,Bilgi mevcut değil,çok beğenerek giydim 59 kiloya m beden tam oldu,TRENDYOLMİLLA Siyah Eteği Volanlı A Kesim Şifon Midi Astarlı Dokuma Elbise TWOSS22EL00733
26 Temmuz 2023,Bilgi mevcut değil,Bilgi mevcut değil,Bilgi mevcut değil,elbise güzel ama çok dar kalıp 160 boy 68 kiloyum L beden almama rağmen s beden gibi dar geldi malesef iade,TRENDYOLMİLLA Siyah Eteği Volanlı A Kesim Şifon Midi Astarlı Dokuma Elbise TWOSS22EL00733
22 Temmuz 2023,Bilgi mevcut değil,Bilgi mevcut değil,Bilgi mevcut değil,ürünüm bir gün sonra teslim edildi hızlı teslimat için teşekkür ederim,TRENDYOLMİLLA Siyah Eteği Volanlı A Kesim Şifon Midi Astarlı Dokuma Elbise TWOSS22EL00733
09 Temmuz 2023,Boy: 178cm,Kilo: 92kg,Bilgi mevcut değil,ürün beden konusunda 1beden büyük alınmalı. duruşu çok kibar fiyat performans ürünü,TRENDYOLMİLLA Siyah Eteği Volanlı A Kesim Şifon Midi Astarlı Dokuma Elbise TWOSS22EL00733
29 Haziran 2023,Boy: 168cm,Kilo: 72kg,Bilgi mevcut değil,Kalıbı dar iade ettim,TRENDYOLMİLLA Siyah Eteği Volanlı A Kesim Şifon Midi Astarlı Dokuma Elbise TWOSS22EL00733
28 Haziran 2023,Bilgi mevcut değil,Bilgi mevcut değil,Bilgi mevcut değil,fıyatına gore guzel,TRENDYOLMİLLA Siyah Eteği Volanlı A Kesim Şifon Midi Astarlı Dokuma Elbise TWOSS22EL00733
27 Haziran 2023,Bilgi mevcut değil,Bilgi mevcut değil,Bilgi mevcut değil,çok güzel ve şık tavsiye ederim,TRENDYOLMİLLA Siyah Eteği Volanlı A Kesim Şifon Midi Astarlı Dokuma Elbise TWOSS22EL00733
27 Haziran 2023,Boy: 168cm,Kilo: 69kg,Bilgi mevcut değil,Çok güzel bi elbise. Tam beden alabilirsiniz.,TRENDYOLMİLLA Siyah Eteği Volanlı A Kesim Şifon Midi Astarlı Dokuma Elbise TWOSS22EL00733
26 Haziran 2023,Boy: 167cm,Kilo: 67kg,Bilgi mevcut değil,Anneme aldım 156 boy 65 kilo,TRENDYOLMİLLA Siyah Eteği Volanlı A Kesim Şifon Midi Astarlı Dokuma Elbise TWOSS22EL00733
24 Haziran 2023,Bilgi mevcut değil,Bilgi mevcut değil,Bilgi mevcut değil,ürün çok güzel geldi çok beğendim fakat bana olmadı oyuzden geri iade etmek zorunda kaldım ve bu durumdan ötürü üzüldüm 44 bedeni olsaydı degistirecektim ama 😔,TRENDYOLMİLLA Siyah Eteği Volanlı A Kesim Şifon Midi Astarlı Dokuma Elbise TWOSS22EL00733
24 Haziran 2023,Boy: 173cm,Kilo: 57kg,Bilgi mevcut değil,boy 162 kilo 64 38 beden tam oldu .,TRENDYOLMİLLA Siyah Eteği Volanlı A Kesim Şifon Midi Astarlı Dokuma Elbise TWOSS22EL00733
24 Haziran 2023,Bilgi mevcut değil,Bilgi mevcut değil,Bilgi mevcut değil,Kargo çok hızlı ürün çok güzel tam bedeninizi alabilirsiniz,TRENDYOLMİLLA Siyah Eteği Volanlı A Kesim Şifon Midi Astarlı Dokuma Elbise TWOSS22EL00733
23 Haziran 2023,Bilgi mevcut değil,Bilgi mevcut değil,Bilgi mevcut değil,anneme aldım çok zarif bir beden büyük tercih edilebilir,TRENDYOLMİLLA Siyah Eteği Volanlı A Kesim Şifon Midi Astarlı Dokuma Elbise TWOSS22EL00733
21 Haziran 2023,Boy: 162cm,Kilo: 52kg,Bilgi mevcut değil,beğendim boy 1.62 kilo 52 duruşu böyle,TRENDYOLMİLLA Siyah Eteği Volanlı A Kesim Şifon Midi Astarlı Dokuma Elbise TWOSS22EL00733
20 Haziran 2023,Bilgi mevcut değil,Bilgi mevcut değil,Bilgi mevcut değil,şık bir elbise ancak bir beden büyük alınmalı,TRENDYOLMİLLA Siyah Eteği Volanlı A Kesim Şifon Midi Astarlı Dokuma Elbise TWOSS22EL00733
20 Haziran 2023,Bilgi mevcut değil,Bilgi mevcut değil,Bilgi mevcut değil,fena değil..,TRENDYOLMİLLA Siyah Eteği Volanlı A Kesim Şifon Midi Astarlı Dokuma Elbise TWOSS22EL00733
19 Haziran 2023,Boy: 168cm,Kilo: 70kg,Bilgi mevcut değil,70 kilo 1.67 boyundayım. 40 beden aldım gayet güzel oldu. çok memnun kaldım,TRENDYOLMİLLA Siyah Eteği Volanlı A Kesim Şifon Midi Astarlı Dokuma Elbise TWOSS22EL00733
17 Haziran 2023,Boy: 163cm,Kilo: 60kg,Bilgi mevcut değil,Ürün güzel ama dikiş hataları var sürekli yukarı toparlanma yapıyor tül kısmı iade ettim,TRENDYOLMİLLA Siyah Eteği Volanlı A Kesim Şifon Midi Astarlı Dokuma Elbise TWOSS22EL00733
17 Haziran 2023,Bilgi mevcut değil,Bilgi mevcut değil,Bilgi mevcut değil,Ürünü aldım kargo ve paketleme gayet güzel teşekkürler,TRENDYOLMİLLA Siyah Eteği Volanlı A Kesim Şifon Midi Astarlı Dokuma Elbise TWOSS22EL00733
17 Haziran 2023,Bilgi mevcut değil,Bilgi mevcut değil,Bilgi mevcut değil,"çok zarif duran bir elbise ,tam beden",TRENDYOLMİLLA Siyah Eteği Volanlı A Kesim Şifon Midi Astarlı Dokuma Elbise TWOSS22EL00733
16 Haziran 2023,Bilgi mevcut değil,Bilgi mevcut değil,Bilgi mevcut değil,kalıbı dar,TRENDYOLMİLLA Siyah Eteği Volanlı A Kesim Şifon Midi Astarlı Dokuma Elbise TWOSS22EL00733
15 Haziran 2023,Boy: 160cm,Kilo: 48kg,Bilgi mevcut değil,Güzel şık begendim,TRENDYOLMİLLA Siyah Eteği Volanlı A Kesim Şifon Midi Astarlı Dokuma Elbise TWOSS22EL00733
15 Haziran 2023,Boy: 168cm,Kilo: 74kg,Bilgi mevcut değil,Çok beğendim,TRENDYOLMİLLA Siyah Eteği Volanlı A Kesim Şifon Midi Astarlı Dokuma Elbise TWOSS22EL00733
15 Haziran 2023,Bilgi mevcut değil,Bilgi mevcut değil,Bilgi mevcut değil,Beden olmadı,TRENDYOLMİLLA Siyah Eteği Volanlı A Kesim Şifon Midi Astarlı Dokuma Elbise TWOSS22EL00733
15 Haziran 2023,Boy: 164cm,Kilo: 51kg,Bilgi mevcut değil,güzel ama bi tarafın dikişini yanlış yapmışlar ona göre alın,TRENDYOLMİLLA Siyah Eteği Volanlı A Kesim Şifon Midi Astarlı Dokuma Elbise TWOSS22EL00733
15 Haziran 2023,Bilgi mevcut değil,Bilgi mevcut değil,Bilgi mevcut değil,cenaze için ideal bi seçim,TRENDYOLMİLLA Siyah Eteği Volanlı A Kesim Şifon Midi Astarlı Dokuma Elbise TWOSS22EL00733
14 Haziran 2023,Bilgi mevcut değil,Bilgi mevcut değil,Bilgi mevcut değil,"Çok güzel ve rahat her yere giyilebilir, bir beden büyük alınabilir.",TRENDYOLMİLLA Siyah Eteği Volanlı A Kesim Şifon Midi Astarlı Dokuma Elbise TWOSS22EL00733
14 Haziran 2023,Bilgi mevcut değil,Bilgi mevcut değil,Bilgi mevcut değil,inanılmaz güzel kalıp tam beden 🥰,TRENDYOLMİLLA Siyah Eteği Volanlı A Kesim Şifon Midi Astarlı Dokuma Elbise TWOSS22EL00733
13 Haziran 2023,Bilgi mevcut değil,Bilgi mevcut değil,Bilgi mevcut değil,"Elbise çok güzel, biraz kalıbı dar",TRENDYOLMİLLA Siyah Eteği Volanlı A Kesim Şifon Midi Astarlı Dokuma Elbise TWOSS22EL00733
13 Haziran 2023,Boy: 160cm,Kilo: 70kg,Bilgi mevcut değil,Model olarak çok güzel bir beden büyük tercih edebilirsiniz dar kalıp,TRENDYOLMİLLA Siyah Eteği Volanlı A Kesim Şifon Midi Astarlı Dokuma Elbise TWOSS22EL00733
13 Haziran 2023,Bilgi mevcut değil,Bilgi mevcut değil,Bilgi mevcut değil,Kalını dar bir beden büyük aldım onun dışında duruşu çok güzel iç göstermiyor rahatça giyebileceğiniz bir elbise,TRENDYOLMİLLA Siyah Eteği Volanlı A Kesim Şifon Midi Astarlı Dokuma Elbise TWOSS22EL00733
12 Haziran 2023,Bilgi mevcut değil,Bilgi mevcut değil,Bilgi mevcut değil,beklediğimden çok daha güzel durdu kesinlikle. fiyat performans ürünü,TRENDYOLMİLLA Siyah Eteği Volanlı A Kesim Şifon Midi Astarlı Dokuma Elbise TWOSS22EL00733
11 Haziran 2023,Bilgi mevcut değil,Bilgi mevcut değil,Bilgi mevcut değil,bayıldım gerçekten hem kumaşı hem duruşu harika,TRENDYOLMİLLA Siyah Eteği Volanlı A Kesim Şifon Midi Astarlı Dokuma Elbise TWOSS22EL00733
10 Haziran 2023,Boy: 155cm,Kilo: 65kg,Bilgi mevcut değil,bedeni küçük oldu iade ettim ama çok güzel elbise,TRENDYOLMİLLA Siyah Eteği Volanlı A Kesim Şifon Midi Astarlı Dokuma Elbise TWOSS22EL00733
10 Haziran 2023,Boy: 160cm,Kilo: 64kg,Bilgi mevcut değil,Bir 160 boy 64 kg tam oldu kumaşı fermuar dikimi güzeldi ben önüne ince bir taş yaptım daha şık durdu hafif bol olmasını istiyorduk hafif bol oldu,TRENDYOLMİLLA Siyah Eteği Volanlı A Kesim Şifon Midi Astarlı Dokuma Elbise TWOSS22EL00733
10 Haziran 2023,Bilgi mevcut değil,Bilgi mevcut değil,Bilgi mevcut değil,Ürün çok güzel eğer üstüne ze oturmasini istiyorsanız bi beden küçük alın süper duruyo baya beğendim 3 günde elime ulaştı baya şık bı elbise 42 kg 1.54 beden uzerimdeki 34 (XS) beden,TRENDYOLMİLLA Siyah Eteği Volanlı A Kesim Şifon Midi Astarlı Dokuma Elbise TWOSS22EL00733
09 Haziran 2023,Boy: 155cm,Kilo: 42kg,Bilgi mevcut değil,muhteşem teşekkürler,TRENDYOLMİLLA Siyah Eteği Volanlı A Kesim Şifon Midi Astarlı Dokuma Elbise TWOSS22EL00733
09 Haziran 2023,Boy: 168cm,Kilo: 61kg,Bilgi mevcut değil,elbise çok zarif kumaşı da çok iyi,TRENDYOLMİLLA Siyah Eteği Volanlı A Kesim Şifon Midi Astarlı Dokuma Elbise TWOSS22EL00733
08 Haziran 2023,Bilgi mevcut değil,Bilgi mevcut değil,Bilgi mevcut değil,elbise tam oldu çok güzel bayıldım,TRENDYOLMİLLA Siyah Eteği Volanlı A Kesim Şifon Midi Astarlı Dokuma Elbise TWOSS22EL00733
08 Haziran 2023,Bilgi mevcut değil,Bilgi mevcut değil,Bilgi mevcut değil,kalitesine bayıldım,TRENDYOLMİLLA Siyah Eteği Volanlı A Kesim Şifon Midi Astarlı Dokuma Elbise TWOSS22EL00733
08 Haziran 2023,Boy: 165cm,Kilo: 55kg,Bilgi mevcut değil,ürün güzel ben geç sipariş ettim 3gunde geldi ben elbiseyi bu kadar uzun olcagini zanetmedim ama yine bu fiyata göre mükemmel 1beden büyük alinmali,TRENDYOLMİLLA Siyah Eteği Volanlı A Kesim Şifon Midi Astarlı Dokuma Elbise TWOSS22EL00733
07 Haziran 2023,Boy: 165cm,Kilo: 55kg,Bilgi mevcut değil,Süper bi elbise kesinlikle tavsiye ediyorum,TRENDYOLMİLLA Siyah Eteği Volanlı A Kesim Şifon Midi Astarlı Dokuma Elbise TWOSS22EL00733
06 Haziran 2023,Boy: 155cm,Kilo: 55kg,Bilgi mevcut değil,Çok zarif ve şık bir elbise. 1.58 55 kilo 38 beden tam oldu.,TRENDYOLMİLLA Siyah Eteği Volanlı A Kesim Şifon Midi Astarlı Dokuma Elbise TWOSS22EL00733
06 Haziran 2023,Bilgi mevcut değil,Bilgi mevcut değil,Bilgi mevcut değil,Anneme aldım düğünde giyecek çok güzel bir model bayıldık,TRENDYOLMİLLA Siyah Eteği Volanlı A Kesim Şifon Midi Astarlı Dokuma Elbise TWOSS22EL00733
06 Haziran 2023,Boy: 155cm,Kilo: 65kg,Bilgi mevcut değil,Severek giyiniyorum,TRENDYOLMİLLA Siyah Eteği Volanlı A Kesim Şifon Midi Astarlı Dokuma Elbise TWOSS22EL00733
04 Haziran 2023,Bilgi mevcut değil,Bilgi mevcut değil,Bilgi mevcut değil,163 boy 63 kiloyum 38 bedeni biraz sıktı 40 bedende bol oldu belden üstüm daha incedir ama kumaşı duruşu falan güzel,TRENDYOLMİLLA Siyah Eteği Volanlı A Kesim Şifon Midi Astarlı Dokuma Elbise TWOSS22EL00733
04 Haziran 2023,Bilgi mevcut değil,Bilgi mevcut değil,Bilgi mevcut değil,cok güzel cok beğendim,TRENDYOLMİLLA Siyah Eteği Volanlı A Kesim Şifon Midi Astarlı Dokuma Elbise TWOSS22EL00733
02 Haziran 2023,Boy: 158cm,Kilo: 75kg,Bilgi mevcut değil,Çok kullanişli harika bir ürün giy özel güne git ardaşın düğüne nişana özel güne mis gibi boneonun tavsiyele aldim,TRENDYOLMİLLA Siyah Eteği Volanlı A Kesim Şifon Midi Astarlı Dokuma Elbise TWOSS22EL00733
02 Haziran 2023,Bilgi mevcut değil,Bilgi mevcut değil,Bilgi mevcut değil,Buyuk oldu ıade ettım,TRENDYOLMİLLA Siyah Eteği Volanlı A Kesim Şifon Midi Astarlı Dokuma Elbise TWOSS22EL00733
02 Haziran 2023,Bilgi mevcut değil,Bilgi mevcut değil,Bilgi mevcut değil,"Kalıbı biraz pot durdu. iade ettim, ancak kolları filan çok şık",TRENDYOLMİLLA Siyah Eteği Volanlı A Kesim Şifon Midi Astarlı Dokuma Elbise TWOSS22EL00733
25 Mayıs 2023,Bilgi mevcut değil,Bilgi mevcut değil,Bilgi mevcut değil,kemer takarak kullandım 160/60 kiloyum duruşu bu şekilde gayet hoş,TRENDYOLMİLLA Siyah Eteği Volanlı A Kesim Şifon Midi Astarlı Dokuma Elbise TWOSS22EL00733
24 Mayıs 2023,Boy: 165cm,Kilo: 50kg,Bilgi mevcut değil,Kardeşim kendine aldı tam oldu çok güzel şık bir elbise,TRENDYOLMİLLA Siyah Eteği Volanlı A Kesim Şifon Midi Astarlı Dokuma Elbise TWOSS22EL00733
24 Mayıs 2023,Bilgi mevcut değil,Bilgi mevcut değil,Bilgi mevcut değil,Güzel durmadı iade,TRENDYOLMİLLA Siyah Eteği Volanlı A Kesim Şifon Midi Astarlı Dokuma Elbise TWOSS22EL00733
18 Mayıs 2023,Bilgi mevcut değil,Bilgi mevcut değil,Bilgi mevcut değil,Çok zarif bir elbise 65 kilo 1.60 boy 40 beden tam oldu paketleme de güzeldi,TRENDYOLMİLLA Siyah Eteği Volanlı A Kesim Şifon Midi Astarlı Dokuma Elbise TWOSS22EL00733
16 Mayıs 2023,Bilgi mevcut değil,Bilgi mevcut değil,Bilgi mevcut değil,güzel ve kullanışlı,TRENDYOLMİLLA Siyah Eteği Volanlı A Kesim Şifon Midi Astarlı Dokuma Elbise TWOSS22EL00733
13 Mayıs 2023,Bilgi mevcut değil,Bilgi mevcut değil,Bilgi mevcut değil,Güzel ürün,TRENDYOLMİLLA Siyah Eteği Volanlı A Kesim Şifon Midi Astarlı Dokuma Elbise TWOSS22EL00733
13 Mayıs 2023,Bilgi mevcut değil,Bilgi mevcut değil,Bilgi mevcut değil,Kaliteli mükemmel,TRENDYOLMİLLA Siyah Eteği Volanlı A Kesim Şifon Midi Astarlı Dokuma Elbise TWOSS22EL00733
11 Mayıs 2023,Bilgi mevcut değil,Bilgi mevcut değil,Bilgi mevcut değil,Göründüğü gibi çok güzel ve zarif. Hızlı kargo için teşekkür ederim,TRENDYOLMİLLA Siyah Eteği Volanlı A Kesim Şifon Midi Astarlı Dokuma Elbise TWOSS22EL00733
09 Mayıs 2023,Bilgi mevcut değil,Bilgi mevcut değil,Bilgi mevcut değil,dar kalıp bir beden büyük alınabilir,TRENDYOLMİLLA Siyah Eteği Volanlı A Kesim Şifon Midi Astarlı Dokuma Elbise TWOSS22EL00733
05 Mayıs 2023,Bilgi mevcut değil,Bilgi mevcut değil,Bilgi mevcut değil,Çok güzel bir elbiseee,TRENDYOLMİLLA Siyah Eteği Volanlı A Kesim Şifon Midi Astarlı Dokuma Elbise TWOSS22EL00733
05 Mayıs 2023,Bilgi mevcut değil,Bilgi mevcut değil,Bilgi mevcut değil,ürün güzel ancak 42 bedeni 38 40 gibi olmadı,TRENDYOLMİLLA Siyah Eteği Volanlı A Kesim Şifon Midi Astarlı Dokuma Elbise TWOSS22EL00733
04 Mayıs 2023,Bilgi mevcut değil,Bilgi mevcut değil,Bilgi mevcut değil,Beğendik aşırı hanımefendi birbelbise,TRENDYOLMİLLA Siyah Eteği Volanlı A Kesim Şifon Midi Astarlı Dokuma Elbise TWOSS22EL00733
03 Mayıs 2023,Boy: 168cm,Kilo: 58kg,Bilgi mevcut değil,40 beden sipariş verdim biraz büyük ama olsun bedenim 38 normalde yorumlara bakarak bir beden büyük aldım bence tam beden alınmalı,TRENDYOLMİLLA Siyah Eteği Volanlı A Kesim Şifon Midi Astarlı Dokuma Elbise TWOSS22EL00733
03 Mayıs 2023,Bilgi mevcut değil,Bilgi mevcut değil,Bilgi mevcut değil,Elbise gelseydi deneyimlerimizi yazacaktım ancak yolda gelirken geri gitti durumu anlamadım.,TRENDYOLMİLLA Siyah Eteği Volanlı A Kesim Şifon Midi Astarlı Dokuma Elbise TWOSS22EL00733
01 Mayıs 2023,Bilgi mevcut değil,Bilgi mevcut değil,Bilgi mevcut değil,Çok güzel elbise çok beğendim,TRENDYOLMİLLA Siyah Eteği Volanlı A Kesim Şifon Midi Astarlı Dokuma Elbise TWOSS22EL00733
27 Nisan 2023,Boy: 165cm,Kilo: 110kg,Bilgi mevcut değil,Elbise çok güzel bana dar geldiği için iade ettim ama kalitesi falan çok iyiydi,TRENDYOLMİLLA Siyah Eteği Volanlı A Kesim Şifon Midi Astarlı Dokuma Elbise TWOSS22EL00733
26 Nisan 2023,Bilgi mevcut değil,Bilgi mevcut değil,Bilgi mevcut değil,elbise okadar güzelki istediğim her yere uyuyor ve her yerde giyiyorum,TRENDYOLMİLLA Siyah Eteği Volanlı A Kesim Şifon Midi Astarlı Dokuma Elbise TWOSS22EL00733
26 Nisan 2023,Boy: 163cm,Kilo: 73kg,Bilgi mevcut değil,Çok güzel çokk kibar bir elbise. Bayramda giymek için aldım. Herkes bayıldı. Ben önce 40 beden aldım ama biraz dar oldu . 42 beden tam ve rahat oldu. 1.63 boy 73 kiloyum.,TRENDYOLMİLLA Siyah Eteği Volanlı A Kesim Şifon Midi Astarlı Dokuma Elbise TWOSS22EL00733
26 Nisan 2023,Bilgi mevcut değil,Bilgi mevcut değil,Bilgi mevcut değil,üzerinizde harika duran Bi elbise fiyatı da uygun hanım hanımcık çok şık Bi elbise,TRENDYOLMİLLA Siyah Eteği Volanlı A Kesim Şifon Midi Astarlı Dokuma Elbise TWOSS22EL00733
25 Nisan 2023,Bilgi mevcut değil,Bilgi mevcut değil,Bilgi mevcut değil,yegenlerim icin aldik. cok memnunlar. elbise tam kalip . kendi bedeninizi alabilirsiniz.,TRENDYOLMİLLA Siyah Eteği Volanlı A Kesim Şifon Midi Astarlı Dokuma Elbise TWOSS22EL00733
24 Nisan 2023,Bilgi mevcut değil,Bilgi mevcut değil,Bilgi mevcut değil,güzel bir elbise kargo da gecikmedi hep m beden giydiğim halde aşırı dar oldu.,TRENDYOLMİLLA Siyah Eteği Volanlı A Kesim Şifon Midi Astarlı Dokuma Elbise TWOSS22EL00733
23 Nisan 2023,Boy: 169cm,Kilo: 72kg,Bilgi mevcut değil,Çok şık bir elbise tercih edebilirsiniz,TRENDYOLMİLLA Siyah Eteği Volanlı A Kesim Şifon Midi Astarlı Dokuma Elbise TWOSS22EL00733
21 Nisan 2023,Bilgi mevcut değil,Bilgi mevcut değil,Bilgi mevcut değil,Çok güzel severek kullanıyorum,TRENDYOLMİLLA Siyah Eteği Volanlı A Kesim Şifon Midi Astarlı Dokuma Elbise TWOSS22EL00733
15 Nisan 2023,Bilgi mevcut değil,Bilgi mevcut değil,Bilgi mevcut değil,"Ürünü Perşembe ile Cuma günü arasında olan gecede sipariş ettim. Cuma günü öğleden sonra elimdeydi. İnanılmaz hızlı geldi, hala şaşkınım. Elbise çok güzel ben sevdim. Arkadaşımın düğünü için aldım. 1.60 boy 74 kiloyum 42 beden aldım tam oldu.",TRENDYOLMİLLA Siyah Eteği Volanlı A Kesim Şifon Midi Astarlı Dokuma Elbise TWOSS22EL00733
15 Nisan 2023,Bilgi mevcut değil,Bilgi mevcut değil,Bilgi mevcut değil,güzel ürün,TRENDYOLMİLLA Siyah Eteği Volanlı A Kesim Şifon Midi Astarlı Dokuma Elbise TWOSS22EL00733
15 Nisan 2023,Bilgi mevcut değil,Bilgi mevcut değil,Bilgi mevcut değil,Çok güzel harika mutlaka alım,TRENDYOLMİLLA Siyah Eteği Volanlı A Kesim Şifon Midi Astarlı Dokuma Elbise TWOSS22EL00733
12 Nisan 2023,Bilgi mevcut değil,Bilgi mevcut değil,Bilgi mevcut değil,Yeni gelin elbisesi çok güzel,TRENDYOLMİLLA Siyah Eteği Volanlı A Kesim Şifon Midi Astarlı Dokuma Elbise TWOSS22EL00733
09 Nisan 2023,Bilgi mevcut değil,Bilgi mevcut değil,Bilgi mevcut değil,Güzel ve şık bir elbise kesinlikle kurtarıcı olabilir ama bana yakışmadığı için iade,TRENDYOLMİLLA Siyah Eteği Volanlı A Kesim Şifon Midi Astarlı Dokuma Elbise TWOSS22EL00733
09 Nisan 2023,Bilgi mevcut değil,Bilgi mevcut değil,Beden: 38,bedeninizi aynı alin tam olur dökümü kumaşı çok guzel,TRENDYOLMİLLA Siyah Eteği Volanlı A Kesim Şifon Midi Astarlı Dokuma Elbise TWOSS22EL00733
08 Nisan 2023,Bilgi mevcut değil,Bilgi mevcut değil,Beden: 42,ürün gayet güzel fakat 58 kiloya l beden dar geldi xl siparişi vereceğim,TRENDYOLMİLLA Siyah Eteği Volanlı A Kesim Şifon Midi Astarlı Dokuma Elbise TWOSS22EL00733
05 Nisan 2023,Bilgi mevcut değil,Bilgi mevcut değil,Beden: 36,1.60 boy 55 kilo 36 beden oldu boyuda dizin biraz altında kalıyor. Güzel bir elbise özel günlerde çok şık duruyor,TRENDYOLMİLLA Siyah Eteği Volanlı A Kesim Şifon Midi Astarlı Dokuma Elbise TWOSS22EL00733
05 Nisan 2023,Bilgi mevcut değil,Bilgi mevcut değil,Beden: 42,Bir beden büyük almanızı tavsiye ederim,TRENDYOLMİLLA Siyah Eteği Volanlı A Kesim Şifon Midi Astarlı Dokuma Elbise TWOSS22EL00733
03 Nisan 2023,Bilgi mevcut değil,Bilgi mevcut değil,Beden: 42,cok guzel bir urun,TRENDYOLMİLLA Siyah Eteği Volanlı A Kesim Şifon Midi Astarlı Dokuma Elbise TWOSS22EL00733
23 Mart 2023,Bilgi mevcut değil,Bilgi mevcut değil,Beden: 40,Şifon güzel bir ürün teşekkürler bir 70 boy 65kilo m beden aldım,TRENDYOLMİLLA Siyah Eteği Volanlı A Kesim Şifon Midi Astarlı Dokuma Elbise TWOSS22EL00733
19 Mart 2023,Bilgi mevcut değil,Bilgi mevcut değil,Beden: 42,Duruşu çokk güzel ve zarif bir elbise. Severek kullanıyorum,TRENDYOLMİLLA Siyah Eteği Volanlı A Kesim Şifon Midi Astarlı Dokuma Elbise TWOSS22EL00733
16 Mart 2023,Bilgi mevcut değil,Bilgi mevcut değil,Beden: 40,kurtarıcı şık bir elbise. 1 beden büyük daha rahat oldu,TRENDYOLMİLLA Siyah Eteği Volanlı A Kesim Şifon Midi Astarlı Dokuma Elbise TWOSS22EL00733
08 Ocak 2023,Bilgi mevcut değil,Bilgi mevcut değil,Beden: 42,Tirl tril şık şıkıdım bir elbise,TRENDYOLMİLLA Siyah Eteği Volanlı A Kesim Şifon Midi Astarlı Dokuma Elbise TWOSS22EL00733
26 Aralık 2022,Bilgi mevcut değil,Bilgi mevcut değil,Beden: 38,Yani güzel sade bi elbise 1.70 boy 60 kilo m beden güzel oldu,TRENDYOLMİLLA Siyah Eteği Volanlı A Kesim Şifon Midi Astarlı Dokuma Elbise TWOSS22EL00733
05 Aralık 2022,Bilgi mevcut değil,Bilgi mevcut değil,Beden: 42,Çok teşekkür ederim,TRENDYOLMİLLA Siyah Eteği Volanlı A Kesim Şifon Midi Astarlı Dokuma Elbise TWOSS22EL00733
04 Aralık 2022,Bilgi mevcut değil,Bilgi mevcut değil,Beden: 38,164 boy 58 kilo s beden tam oldu,TRENDYOLMİLLA Siyah Eteği Volanlı A Kesim Şifon Midi Astarlı Dokuma Elbise TWOSS22EL00733
03 Aralık 2022,Bilgi mevcut değil,Bilgi mevcut değil,Beden: 38,Basarılı ürün,TRENDYOLMİLLA Siyah Eteği Volanlı A Kesim Şifon Midi Astarlı Dokuma Elbise TWOSS22EL00733
29 Kasım 2022,Bilgi mevcut değil,Bilgi mevcut değil,Beden: 34,sade bir elbise beğenerek giyiyorum,TRENDYOLMİLLA Siyah Eteği Volanlı A Kesim Şifon Midi Astarlı Dokuma Elbise TWOSS22EL00733
28 Kasım 2022,Bilgi mevcut değil,Bilgi mevcut değil,Beden: 40,Çok çok çok beğendim,TRENDYOLMİLLA Siyah Eteği Volanlı A Kesim Şifon Midi Astarlı Dokuma Elbise TWOSS22EL00733
28 Kasım 2022,Bilgi mevcut değil,Bilgi mevcut değil,Beden: 42,"Basic bir elbise, dolaplarda bulunmasında yarar var..",TRENDYOLMİLLA Siyah Eteği Volanlı A Kesim Şifon Midi Astarlı Dokuma Elbise TWOSS22EL00733
28 Kasım 2022,Bilgi mevcut değil,Bilgi mevcut değil,Beden: 42,Elbise güzel zarif. beden tablosunda gogus ve bel olcusune bakarak tam beden almalisiniz.,TRENDYOLMİLLA Siyah Eteği Volanlı A Kesim Şifon Midi Astarlı Dokuma Elbise TWOSS22EL00733
26 Kasım 2022,Bilgi mevcut değil,Bilgi mevcut değil,Beden: 40,güzel bir elbise annemin için aldım aslında 164. 63 kilo ama 40 anca oldu garip bi darlıkta bence,TRENDYOLMİLLA Siyah Eteği Volanlı A Kesim Şifon Midi Astarlı Dokuma Elbise TWOSS22EL00733
25 Kasım 2022,Bilgi mevcut değil,Bilgi mevcut değil,Beden: 38,AŞIRI GÜZEL,TRENDYOLMİLLA Siyah Eteği Volanlı A Kesim Şifon Midi Astarlı Dokuma Elbise TWOSS22EL00733
25 Kasım 2022,Bilgi mevcut değil,Bilgi mevcut değil,Beden: 42,Bedeni uymadı iade ettim,TRENDYOLMİLLA Siyah Eteği Volanlı A Kesim Şifon Midi Astarlı Dokuma Elbise TWOSS22EL00733
23 Kasım 2022,Bilgi mevcut değil,Bilgi mevcut değil,Beden: 34,46 kilo 161 boyundayım. Çok güzel oldu elbise. Çok beğenerek kullanıyorum,TRENDYOLMİLLA Siyah Eteği Volanlı A Kesim Şifon Midi Astarlı Dokuma Elbise TWOSS22EL00733
22 Kasım 2022,Bilgi mevcut değil,Bilgi mevcut değil,Beden: 38,Hanım hanımcık bi elbise,TRENDYOLMİLLA Siyah Eteği Volanlı A Kesim Şifon Midi Astarlı Dokuma Elbise TWOSS22EL00733
19 Kasım 2022,Bilgi mevcut değil,Bilgi mevcut değil,Beden: 42,Harika bir elbise kurtarıcı,TRENDYOLMİLLA Siyah Eteği Volanlı A Kesim Şifon Midi Astarlı Dokuma Elbise TWOSS22EL00733
19 Kasım 2022,Bilgi mevcut değil,Bilgi mevcut değil,Beden: 42,Beklediğim gibi değildi kalitesi hoşuma gitmedi naylonumsu gibi bir elbise,TRENDYOLMİLLA Siyah Eteği Volanlı A Kesim Şifon Midi Astarlı Dokuma Elbise TWOSS22EL00733
17 Kasım 2022,Bilgi mevcut değil,Bilgi mevcut değil,Beden: 42,Çok şık tam beden alınmalı,TRENDYOLMİLLA Siyah Eteği Volanlı A Kesim Şifon Midi Astarlı Dokuma Elbise TWOSS22EL00733
16 Kasım 2022,Bilgi mevcut değil,Bilgi mevcut değil,Beden: 36,resimde daha kaliteli duruyor durusunu begenmedim,TRENDYOLMİLLA Siyah Eteği Volanlı A Kesim Şifon Midi Astarlı Dokuma Elbise TWOSS22EL00733
14 Kasım 2022,Bilgi mevcut değil,Bilgi mevcut değil,Beden: 42,"düğün için aldım, çok zarif bir elbise, çok beğendim, aynı bedeninize göre alabilirsiniz",TRENDYOLMİLLA Siyah Eteği Volanlı A Kesim Şifon Midi Astarlı Dokuma Elbise TWOSS22EL00733
12 Kasım 2022,Bilgi mevcut değil,Bilgi mevcut değil,Beden: 42,Çok güzel ve zarif,TRENDYOLMİLLA Siyah Eteği Volanlı A Kesim Şifon Midi Astarlı Dokuma Elbise TWOSS22EL00733
11 Kasım 2022,Bilgi mevcut değil,Bilgi mevcut değil,Beden: 40,çok kaliteli,TRENDYOLMİLLA Siyah Eteği Volanlı A Kesim Şifon Midi Astarlı Dokuma Elbise TWOSS22EL00733
09 Kasım 2022,Bilgi mevcut değil,Bilgi mevcut değil,Beden: 42,çok zarif herkesin dolabında bulunmali,TRENDYOLMİLLA Siyah Eteği Volanlı A Kesim Şifon Midi Astarlı Dokuma Elbise TWOSS22EL00733
08 Kasım 2022,Bilgi mevcut değil,Bilgi mevcut değil,Beden: 38,ürün güzel kendi bedeninizi alın,TRENDYOLMİLLA Siyah Eteği Volanlı A Kesim Şifon Midi Astarlı Dokuma Elbise TWOSS22EL00733
08 Kasım 2022,Bilgi mevcut değil,Bilgi mevcut değil,Beden: 38,Özel günler için şık ve kurtarıcı bir elbisem oldu. Fiyat performans ürünü.,TRENDYOLMİLLA Siyah Eteği Volanlı A Kesim Şifon Midi Astarlı Dokuma Elbise TWOSS22EL00733
01 Kasım 2022,Bilgi mevcut değil,Bilgi mevcut değil,Beden: 40,o kadar şik bir elbise ki . tam bir davet elbisesi,TRENDYOLMİLLA Siyah Eteği Volanlı A Kesim Şifon Midi Astarlı Dokuma Elbise TWOSS22EL00733
31 Ekim 2022,Bilgi mevcut değil,Bilgi mevcut değil,Beden: 38,elbisenin duruşu çok güzel,TRENDYOLMİLLA Siyah Eteği Volanlı A Kesim Şifon Midi Astarlı Dokuma Elbise TWOSS22EL00733
30 Ekim 2022,Bilgi mevcut değil,Bilgi mevcut değil,Beden: 40,Kalıbı çok dar bel kısmı özellikle bedenimi aldım küçük geldi,TRENDYOLMİLLA Siyah Eteği Volanlı A Kesim Şifon Midi Astarlı Dokuma Elbise TWOSS22EL00733
29 Ekim 2022,Bilgi mevcut değil,Bilgi mevcut değil,Beden: 38,kurtarıcı zarif bir elbise dolapta acil durumlar için kullanılabilir 38 beden tam oldu 162 boy 58 kilo,TRENDYOLMİLLA Siyah Eteği Volanlı A Kesim Şifon Midi Astarlı Dokuma Elbise TWOSS22EL00733
29 Ekim 2022,Bilgi mevcut değil,Bilgi mevcut değil,Beden: 38,Bir beden büyük alabilirsiniz çok şık kurtarıcı,TRENDYOLMİLLA Siyah Eteği Volanlı A Kesim Şifon Midi Astarlı Dokuma Elbise TWOSS22EL00733
27 Ekim 2022,Bilgi mevcut değil,Bilgi mevcut değil,Beden: 42,güzel bir elbise fakat kalıbı çok dar,TRENDYOLMİLLA Siyah Eteği Volanlı A Kesim Şifon Midi Astarlı Dokuma Elbise TWOSS22EL00733
27 Ekim 2022,Bilgi mevcut değil,Bilgi mevcut değil,Beden: 40,çok şık bu kadar uygun fiyata bu performans inanılmaz gercekten,TRENDYOLMİLLA Siyah Eteği Volanlı A Kesim Şifon Midi Astarlı Dokuma Elbise TWOSS22EL00733
24 Ekim 2022,Bilgi mevcut değil,Bilgi mevcut değil,Beden: 38,çok güzel kalıbı tam alabilirsiniz,TRENDYOLMİLLA Siyah Eteği Volanlı A Kesim Şifon Midi Astarlı Dokuma Elbise TWOSS22EL00733
24 Ekim 2022,Bilgi mevcut değil,Bilgi mevcut değil,Beden: 38,"çok şık durdu, beklediğimden iyiydi.",TRENDYOLMİLLA Siyah Eteği Volanlı A Kesim Şifon Midi Astarlı Dokuma Elbise TWOSS22EL00733
23 Ekim 2022,Bilgi mevcut değil,Bilgi mevcut değil,Beden: 38,özellikle fiyatına göre çok kaliteli güzel bı elbise,TRENDYOLMİLLA Siyah Eteği Volanlı A Kesim Şifon Midi Astarlı Dokuma Elbise TWOSS22EL00733
23 Ekim 2022,Bilgi mevcut değil,Bilgi mevcut değil,Beden: 40,Boyu uzun geldiği için iade etmek zorunda kaldım,TRENDYOLMİLLA Siyah Eteği Volanlı A Kesim Şifon Midi Astarlı Dokuma Elbise TWOSS22EL00733
23 Ekim 2022,Bilgi mevcut değil,Bilgi mevcut değil,Beden: 42,qiymətinə görə əla paltardı,TRENDYOLMİLLA Siyah Eteği Volanlı A Kesim Şifon Midi Astarlı Dokuma Elbise TWOSS22EL00733
22 Ekim 2022,Bilgi mevcut değil,Bilgi mevcut değil,Beden: 42,Aşırı şık,TRENDYOLMİLLA Siyah Eteği Volanlı A Kesim Şifon Midi Astarlı Dokuma Elbise TWOSS22EL00733
21 Ekim 2022,Bilgi mevcut değil,Bilgi mevcut değil,Beden: 38,harika bir elbise bayıldım fiziği inanılmaz güzel gösteriyor fakat kalıbı gerçekten dar normalde 36 giyiyorum ama 38 aldım iyi ki öyle almışım tamm oldu yani tamm,TRENDYOLMİLLA Siyah Eteği Volanlı A Kesim Şifon Midi Astarlı Dokuma Elbise TWOSS22EL00733
20 Ekim 2022,Bilgi mevcut değil,Bilgi mevcut değil,Beden: 42,Çok zarif🤍 özel günler için kurtarıcı bir parça güvenerek tercih edebilirsiniz,TRENDYOLMİLLA Siyah Eteği Volanlı A Kesim Şifon Midi Astarlı Dokuma Elbise TWOSS22EL00733
19 Ekim 2022,Bilgi mevcut değil,Bilgi mevcut değil,Beden: 40,"Harika bir elbise, bayıldım. Büyük alınmalı diyenleri çok anlayamadım çünkü bana kendi bedenim oldu.",TRENDYOLMİLLA Siyah Eteği Volanlı A Kesim Şifon Midi Astarlı Dokuma Elbise TWOSS22EL00733
19 Ekim 2022,Bilgi mevcut değil,Bilgi mevcut değil,Beden: 42,Gayet şık bir elbise,TRENDYOLMİLLA Siyah Eteği Volanlı A Kesim Şifon Midi Astarlı Dokuma Elbise TWOSS22EL00733
18 Ekim 2022,Bilgi mevcut değil,Bilgi mevcut değil,Beden: 42,Bir beden büyük alınmalı çok kullanılışlı bir ürün her dolapta olmalı kesinlikle,TRENDYOLMİLLA Siyah Eteği Volanlı A Kesim Şifon Midi Astarlı Dokuma Elbise TWOSS22EL00733
18 Ekim 2022,Bilgi mevcut değil,Bilgi mevcut değil,Beden: 42,Yıldız bile haketmiyor çöp gibi,TRENDYOLMİLLA Siyah Eteği Volanlı A Kesim Şifon Midi Astarlı Dokuma Elbise TWOSS22EL00733
18 Ekim 2022,Bilgi mevcut değil,Bilgi mevcut değil,Beden: 42,indirimde ve kupon ile çok uyguna almıştım. kurtarıcı bir elbise. herkesin dolabında bu tarz siyah elbise olmalı.,TRENDYOLMİLLA Siyah Eteği Volanlı A Kesim Şifon Midi Astarlı Dokuma Elbise TWOSS22EL00733
17 Ekim 2022,Bilgi mevcut değil,Bilgi mevcut değil,Beden: 38,çok güzel bir elbise 1.60 58 kiloyum m beden aldim,TRENDYOLMİLLA Siyah Eteği Volanlı A Kesim Şifon Midi Astarlı Dokuma Elbise TWOSS22EL00733
17 Ekim 2022,Bilgi mevcut değil,Bilgi mevcut değil,Beden: 42,Ust tarafi biraz zor geciyor ama normalde dar degil.Genel olarak begendim arkadaslarim da beğendi,TRENDYOLMİLLA Siyah Eteği Volanlı A Kesim Şifon Midi Astarlı Dokuma Elbise TWOSS22EL00733
17 Ekim 2022,Bilgi mevcut değil,Bilgi mevcut değil,Beden: 40,Çok güzel Üzülerek iade kalıbı dar benim için,TRENDYOLMİLLA Siyah Eteği Volanlı A Kesim Şifon Midi Astarlı Dokuma Elbise TWOSS22EL00733
16 Ekim 2022,Bilgi mevcut değil,Bilgi mevcut değil,Beden: 42,elbise güzel ama yorumlara bakarak büyük beden almıştım çok bol olduğu için iade ettim,TRENDYOLMİLLA Siyah Eteği Volanlı A Kesim Şifon Midi Astarlı Dokuma Elbise TWOSS22EL00733
15 Ekim 2022,Bilgi mevcut değil,Bilgi mevcut değil,Beden: 36,"160 boy 53 kilo, 36 tam beden boyu biraz uzundu kestirdim şık ve rahat duruyor",TRENDYOLMİLLA Siyah Eteği Volanlı A Kesim Şifon Midi Astarlı Dokuma Elbise TWOSS22EL00733
15 Ekim 2022,Bilgi mevcut değil,Bilgi mevcut değil,Beden: 42,Kesinlikle alınması gereken bir elbise hem sade hem şık her yerde giyilebilir 👍,TRENDYOLMİLLA Siyah Eteği Volanlı A Kesim Şifon Midi Astarlı Dokuma Elbise TWOSS22EL00733
14 Ekim 2022,Bilgi mevcut değil,Bilgi mevcut değil,Beden: 42,günü kurtarmak için olabileceklerin arasında dar geldiği için iade,TRENDYOLMİLLA Siyah Eteği Volanlı A Kesim Şifon Midi Astarlı Dokuma Elbise TWOSS22EL00733
12 Ekim 2022,Bilgi mevcut değil,Bilgi mevcut değil,Beden: 40,ürün güzel,TRENDYOLMİLLA Siyah Eteği Volanlı A Kesim Şifon Midi Astarlı Dokuma Elbise TWOSS22EL00733
12 Ekim 2022,Bilgi mevcut değil,Bilgi mevcut değil,Beden: 38,Güzel şık elbise,TRENDYOLMİLLA Siyah Eteği Volanlı A Kesim Şifon Midi Astarlı Dokuma Elbise TWOSS22EL00733
11 Ekim 2022,Bilgi mevcut değil,Bilgi mevcut değil,Beden: 40,kendime yakıştıramadım çok olgun gösterdi iade ettim,TRENDYOLMİLLA Siyah Eteği Volanlı A Kesim Şifon Midi Astarlı Dokuma Elbise TWOSS22EL00733
11 Ekim 2022,Bilgi mevcut değil,Bilgi mevcut değil,Beden: 38,mükemmel kurtarıcı bir elbise. mezuniyetime giydim üstüne 2 ayrı kınaya giydim. sade ve çok şık. beden konusunda beli tam oturan bir elbise o yüzden göbeğiniz varsa arkadan fermuarı kapanmayabilir kendi bedeninizden büyük alın mutlaka verilen manken ölçü bilgilerine bakmayı ona göre beden seçmeyi unutmayın.,TRENDYOLMİLLA Siyah Eteği Volanlı A Kesim Şifon Midi Astarlı Dokuma Elbise TWOSS22EL00733
11 Ekim 2022,Bilgi mevcut değil,Bilgi mevcut değil,Beden: 42,Biraz dar oldu ama gayet güEl,TRENDYOLMİLLA Siyah Eteği Volanlı A Kesim Şifon Midi Astarlı Dokuma Elbise TWOSS22EL00733
11 Ekim 2022,Bilgi mevcut değil,Bilgi mevcut değil,Beden: 42,beğenerek giyiyorum tavsiye ederim,TRENDYOLMİLLA Siyah Eteği Volanlı A Kesim Şifon Midi Astarlı Dokuma Elbise TWOSS22EL00733
10 Ekim 2022,Bilgi mevcut değil,Bilgi mevcut değil,Beden: 38,Elbiseyi çok beğendim. 165 boy 53 kiloya 36 beden aldım. Bedenımı çok sardığı ıcın degıstırıp 38 aldım . Kullanışlı ve kurtarıcı bir elbise,TRENDYOLMİLLA Siyah Eteği Volanlı A Kesim Şifon Midi Astarlı Dokuma Elbise TWOSS22EL00733
09 Ekim 2022,Bilgi mevcut değil,Bilgi mevcut değil,Beden: 42,"emin olmayarak aldım ama gayet güzel bir elbise , fiyata göre oldukça güzel , bir cemiyette veya iş ortamında da rahatlıkla giyilebilir.",TRENDYOLMİLLA Siyah Eteği Volanlı A Kesim Şifon Midi Astarlı Dokuma Elbise TWOSS22EL00733
09 Ekim 2022,Bilgi mevcut değil,Bilgi mevcut değil,Beden: 42,Göründüğü gibi şık bir elbise değil ve cok dar. Bir beden büyük alınmalı. 42 giyen 44 almali ama beden yok bu yuzden hiç almasın.,TRENDYOLMİLLA Siyah Eteği Volanlı A Kesim Şifon Midi Astarlı Dokuma Elbise TWOSS22EL00733
07 Ekim 2022,Bilgi mevcut değil,Bilgi mevcut değil,Beden: 42,fiyatına çok güzel zarif bir elbise kızıma da çok yakisti,TRENDYOLMİLLA Siyah Eteği Volanlı A Kesim Şifon Midi Astarlı Dokuma Elbise TWOSS22EL00733
06 Ekim 2022,Bilgi mevcut değil,Bilgi mevcut değil,Beden: 40,Bedeni uyduğu halde bel kısmı inanılmaz ve giyim olmuyor çok kötü kesinlikle bir beden büyük alın,TRENDYOLMİLLA Siyah Eteği Volanlı A Kesim Şifon Midi Astarlı Dokuma Elbise TWOSS22EL00733
05 Ekim 2022,Bilgi mevcut değil,Bilgi mevcut değil,Beden: 42,çok beğendim çok şık bir elbise tam istediğim gibi oldu,TRENDYOLMİLLA Siyah Eteği Volanlı A Kesim Şifon Midi Astarlı Dokuma Elbise TWOSS22EL00733
05 Ekim 2022,Bilgi mevcut değil,Bilgi mevcut değil,Beden: 42,Güzel beğendim fakat bana dar oldu iade etmek zorunda kaldım,TRENDYOLMİLLA Siyah Eteği Volanlı A Kesim Şifon Midi Astarlı Dokuma Elbise TWOSS22EL00733
02 Ekim 2022,Bilgi mevcut değil,Bilgi mevcut değil,Beden: 40,200e aldım şimdi baktım fiyat düşmüş jsjsjsj genel olarak güzel bir elbise ben kendi bedenimi aldım dar geldi keşke bir beden büyük alsaydım bol dursaydı ama genel kalarak beğendim,TRENDYOLMİLLA Siyah Eteği Volanlı A Kesim Şifon Midi Astarlı Dokuma Elbise TWOSS22EL00733
01 Ekim 2022,Bilgi mevcut değil,Bilgi mevcut değil,Beden: 42,Elbise çok güzeldi ama beden olarak küçük geldi,TRENDYOLMİLLA Siyah Eteği Volanlı A Kesim Şifon Midi Astarlı Dokuma Elbise TWOSS22EL00733
28 Eylül 2022,Bilgi mevcut değil,Bilgi mevcut değil,Beden: 38,bir beden büyük alabilirsiniz. kurtarıcı bir ürün,TRENDYOLMİLLA Siyah Eteği Volanlı A Kesim Şifon Midi Astarlı Dokuma Elbise TWOSS22EL00733
28 Eylül 2022,Bilgi mevcut değil,Bilgi mevcut değil,Beden: 42,harikaaaaaa bir elbise duruşu her şeyiyle çok güzel,TRENDYOLMİLLA Siyah Eteği Volanlı A Kesim Şifon Midi Astarlı Dokuma Elbise TWOSS22EL00733
28 Eylül 2022,Bilgi mevcut değil,Bilgi mevcut değil,Beden: 42,Fotoğrafta göründüğü gibi çok hoş çok şık bir elbise.Kargo da hızlı ve sorunsuz ulaştı. Zaten Milla elbiselerini hep sevmişimdir,TRENDYOLMİLLA Siyah Eteği Volanlı A Kesim Şifon Midi Astarlı Dokuma Elbise TWOSS22EL00733
27 Eylül 2022,Bilgi mevcut değil,Bilgi mevcut değil,Beden: 34,45 kilo 155 boy tam oldu harika,TRENDYOLMİLLA Siyah Eteği Volanlı A Kesim Şifon Midi Astarlı Dokuma Elbise TWOSS22EL00733
27 Eylül 2022,Bilgi mevcut değil,Bilgi mevcut değil,Beden: 38,Elbise harika bir elbise. Tam beden alinabilir.,TRENDYOLMİLLA Siyah Eteği Volanlı A Kesim Şifon Midi Astarlı Dokuma Elbise TWOSS22EL00733
26 Eylül 2022,Bilgi mevcut değil,Bilgi mevcut değil,Beden: 36,"Ürün güzel, kaliteli. Beğendim. S beden göğüs kısmından biraz üstten sıktı, terziyle bir çözüm deneyeceğim ya da M ile değiştireceğim.",TRENDYOLMİLLA Siyah Eteği Volanlı A Kesim Şifon Midi Astarlı Dokuma Elbise TWOSS22EL00733
25 Eylül 2022,Bilgi mevcut değil,Bilgi mevcut değil,Beden: 40,64 kiloyum l beden dar geldi karın kısmı oturdu hiç beğenmedim 👎,TRENDYOLMİLLA Siyah Eteği Volanlı A Kesim Şifon Midi Astarlı Dokuma Elbise TWOSS22EL00733
20 Eylül 2022,Bilgi mevcut değil,Bilgi mevcut değil,Beden: 42,Çok güzel duruyor. Kesinlikle bir beden büyük alın.,TRENDYOLMİLLA Siyah Eteği Volanlı A Kesim Şifon Midi Astarlı Dokuma Elbise TWOSS22EL00733
20 Eylül 2022,Bilgi mevcut değil,Bilgi mevcut değil,Beden: 40,çok zarif bir elbise,TRENDYOLMİLLA Siyah Eteği Volanlı A Kesim Şifon Midi Astarlı Dokuma Elbise TWOSS22EL00733
17 Eylül 2022,Bilgi mevcut değil,Bilgi mevcut değil,Beden: 40,Çok şık ✨ kaliteli işçilik 🌼,TRENDYOLMİLLA Siyah Eteği Volanlı A Kesim Şifon Midi Astarlı Dokuma Elbise TWOSS22EL00733
17 Eylül 2022,Bilgi mevcut değil,Bilgi mevcut değil,Beden: 42,ürün gerçekten mükemmel teşekkür ederim trendyol başarılarınızın devamını dilerim,TRENDYOLMİLLA Siyah Eteği Volanlı A Kesim Şifon Midi Astarlı Dokuma Elbise TWOSS22EL00733
16 Eylül 2022,Bilgi mevcut değil,Bilgi mevcut değil,Beden: 40,m gitmeme rağmen 40 beden aldım. ama maalesef olmadı çok cici ve sade şık elbise,TRENDYOLMİLLA Siyah Eteği Volanlı A Kesim Şifon Midi Astarlı Dokuma Elbise TWOSS22EL00733
15 Eylül 2022,Bilgi mevcut değil,Bilgi mevcut değil,Beden: 40,Her ortama giy çık bir elbise,TRENDYOLMİLLA Siyah Eteği Volanlı A Kesim Şifon Midi Astarlı Dokuma Elbise TWOSS22EL00733
10 Eylül 2022,Bilgi mevcut değil,Bilgi mevcut değil,Beden: 38,çok rahat bir elbise,TRENDYOLMİLLA Siyah Eteği Volanlı A Kesim Şifon Midi Astarlı Dokuma Elbise TWOSS22EL00733
10 Eylül 2022,Bilgi mevcut değil,Bilgi mevcut değil,Beden: 42,Çok şık bir elbise,TRENDYOLMİLLA Siyah Eteği Volanlı A Kesim Şifon Midi Astarlı Dokuma Elbise TWOSS22EL00733
08 Eylül 2022,Bilgi mevcut değil,Bilgi mevcut değil,Beden: 38,Elbise güzel. Normalde S giyerim ama M aldım. İyi ki bir beden büyük almışım çünkü elbisenin ön kısmı boğaza çok dayanıyor biraz rahatsız edici.,TRENDYOLMİLLA Siyah Eteği Volanlı A Kesim Şifon Midi Astarlı Dokuma Elbise TWOSS22EL00733
07 Eylül 2022,Bilgi mevcut değil,Bilgi mevcut değil,Beden: 40,"Elbise aşırı dar, göğüsleriniz büyükse 2 beden büyük tercih edilebilir.",TRENDYOLMİLLA Siyah Eteği Volanlı A Kesim Şifon Midi Astarlı Dokuma Elbise TWOSS22EL00733
06 Eylül 2022,Bilgi mevcut değil,Bilgi mevcut değil,Beden: 38,Çok sık bı elbıse! Mukkemmel duruyor! Tüm beden alabılırsınız kızlar,TRENDYOLMİLLA Siyah Eteği Volanlı A Kesim Şifon Midi Astarlı Dokuma Elbise TWOSS22EL00733
05 Eylül 2022,Bilgi mevcut değil,Bilgi mevcut değil,Beden: 40,Çok şık bir elbise her kadının dolabında olması gerek türde,TRENDYOLMİLLA Siyah Eteği Volanlı A Kesim Şifon Midi Astarlı Dokuma Elbise TWOSS22EL00733
04 Eylül 2022,Bilgi mevcut değil,Bilgi mevcut değil,Beden: 42,"1.60 boy, 64 kiloyum 42 bedeni tam oldu,çok beğendim.Zarif bir elbise ve beni zayıf gosterdi.",TRENDYOLMİLLA Siyah Eteği Volanlı A Kesim Şifon Midi Astarlı Dokuma Elbise TWOSS22EL00733
03 Eylül 2022,Bilgi mevcut değil,Bilgi mevcut değil,Beden: 42,çok şık çok güzel oldu tam beden,TRENDYOLMİLLA Siyah Eteği Volanlı A Kesim Şifon Midi Astarlı Dokuma Elbise TWOSS22EL00733
02 Eylül 2022,Bilgi mevcut değil,Bilgi mevcut değil,Beden: 38,Kumaşı beğendim çok şık,TRENDYOLMİLLA Siyah Eteği Volanlı A Kesim Şifon Midi Astarlı Dokuma Elbise TWOSS22EL00733
01 Eylül 2022,Bilgi mevcut değil,Bilgi mevcut değil,Beden: 40,İşe giymek için aldım. Hem şık hem rahat,TRENDYOLMİLLA Siyah Eteği Volanlı A Kesim Şifon Midi Astarlı Dokuma Elbise TWOSS22EL00733
01 Eylül 2022,Bilgi mevcut değil,Bilgi mevcut değil,Beden: 40,Harika bir elbise çok zarif duruyor.,TRENDYOLMİLLA Siyah Eteği Volanlı A Kesim Şifon Midi Astarlı Dokuma Elbise TWOSS22EL00733
31 Ağustos 2022,Bilgi mevcut değil,Bilgi mevcut değil,Beden: 40,Çok şık fiyatına göre gayet güzel bir elbise defosuz geldi korgosuda gayet hızlıydı,TRENDYOLMİLLA Siyah Eteği Volanlı A Kesim Şifon Midi Astarlı Dokuma Elbise TWOSS22EL00733
31 Ağustos 2022,Bilgi mevcut değil,Bilgi mevcut değil,Beden: 42,Hediye aldım kumaşı duruşu çok güzel geldi aldığım kişide çok beğendi,TRENDYOLMİLLA Siyah Eteği Volanlı A Kesim Şifon Midi Astarlı Dokuma Elbise TWOSS22EL00733
30 Ağustos 2022,Bilgi mevcut değil,Bilgi mevcut değil,Beden: 42,"Çok zarif bir elbise arkadaşımın nişanında giydim,tam bedeninizi alabilirsiniz ve tam bir fiyat performans ürünü",TRENDYOLMİLLA Siyah Eteği Volanlı A Kesim Şifon Midi Astarlı Dokuma Elbise TWOSS22EL00733
28 Ağustos 2022,Bilgi mevcut değil,Bilgi mevcut değil,Beden: 40,güzel tam kalıbı bedeni .,TRENDYOLMİLLA Siyah Eteği Volanlı A Kesim Şifon Midi Astarlı Dokuma Elbise TWOSS22EL00733
28 Ağustos 2022,Bilgi mevcut değil,Bilgi mevcut değil,Beden: 42,Ürün çok şık ve kullanışlı bir ürün,TRENDYOLMİLLA Siyah Eteği Volanlı A Kesim Şifon Midi Astarlı Dokuma Elbise TWOSS22EL00733
27 Ağustos 2022,Bilgi mevcut değil,Bilgi mevcut değil,Beden: 42,HOŞ VE SADE BİR ELBİSE VÜCUDU GÜZEL GÖSTERİYOR HER DOLAPTA OLMALI,TRENDYOLMİLLA Siyah Eteği Volanlı A Kesim Şifon Midi Astarlı Dokuma Elbise TWOSS22EL00733
27 Ağustos 2022,Bilgi mevcut değil,Bilgi mevcut değil,Beden: 42,Çok güzel gayet şık bir elbise 70 kilo 42 beden tam oturdu,TRENDYOLMİLLA Siyah Eteği Volanlı A Kesim Şifon Midi Astarlı Dokuma Elbise TWOSS22EL00733
26 Ağustos 2022,Bilgi mevcut değil,Bilgi mevcut değil,Beden: 42,"Elbise modeli çok güzel, ama 42 her kıyafette üzerine tam olan anneme küçük geldi. Alırken dikkat edin büyük beden kalıpları dar. Üzülerek iade ettik.",TRENDYOLMİLLA Siyah Eteği Volanlı A Kesim Şifon Midi Astarlı Dokuma Elbise TWOSS22EL00733
26 Ağustos 2022,Bilgi mevcut değil,Bilgi mevcut değil,Beden: 40,Çok güzel diyemiyorum ama günü kurtarır,TRENDYOLMİLLA Siyah Eteği Volanlı A Kesim Şifon Midi Astarlı Dokuma Elbise TWOSS22EL00733
23 Ağustos 2022,Bilgi mevcut değil,Bilgi mevcut değil,Beden: 38,kurtarıcı hanım hanımcık bir elbise. 38 beden aldım ama biraz dar geldi bir beden büyük alınabilir.,TRENDYOLMİLLA Siyah Eteği Volanlı A Kesim Şifon Midi Astarlı Dokuma Elbise TWOSS22EL00733
22 Ağustos 2022,Bilgi mevcut değil,Bilgi mevcut değil,Beden: 36,"Klasik, güzel bir elbise. Tam kalıp, 160 cm boy, 55 kilo s beden aldım ve oldu.",TRENDYOLMİLLA Siyah Eteği Volanlı A Kesim Şifon Midi Astarlı Dokuma Elbise TWOSS22EL00733
22 Ağustos 2022,Bilgi mevcut değil,Bilgi mevcut değil,Beden: 38,Şık sade çok rahat davetlerde giyilir şifon kumaş,TRENDYOLMİLLA Siyah Eteği Volanlı A Kesim Şifon Midi Astarlı Dokuma Elbise TWOSS22EL00733
21 Ağustos 2022,Bilgi mevcut değil,Bilgi mevcut değil,Beden: 42,çok şık bir elbise gayet kurtarıcı ama dar kalıp bir beden büyük tercih edilir,TRENDYOLMİLLA Siyah Eteği Volanlı A Kesim Şifon Midi Astarlı Dokuma Elbise TWOSS22EL00733
19 Ağustos 2022,Bilgi mevcut değil,Bilgi mevcut değil,Beden: 42,Kalını dar,TRENDYOLMİLLA Siyah Eteği Volanlı A Kesim Şifon Midi Astarlı Dokuma Elbise TWOSS22EL00733
19 Ağustos 2022,Bilgi mevcut değil,Bilgi mevcut değil,Beden: 40,Çok beğendim,TRENDYOLMİLLA Siyah Eteği Volanlı A Kesim Şifon Midi Astarlı Dokuma Elbise TWOSS22EL00733
17 Ağustos 2022,Bilgi mevcut değil,Bilgi mevcut değil,Beden: 40,Bir beden büyük alınmalı şık ve kolay parça,TRENDYOLMİLLA Siyah Eteği Volanlı A Kesim Şifon Midi Astarlı Dokuma Elbise TWOSS22EL00733
17 Ağustos 2022,Bilgi mevcut değil,Bilgi mevcut değil,Beden: 38,çok şık ve güzel elbise 158 59 kilo 38 aldım tam oldu,TRENDYOLMİLLA Siyah Eteği Volanlı A Kesim Şifon Midi Astarlı Dokuma Elbise TWOSS22EL00733
15 Ağustos 2022,Bilgi mevcut değil,Bilgi mevcut değil,Beden: 36,elbise çok şık ve çok zarif,TRENDYOLMİLLA Siyah Eteği Volanlı A Kesim Şifon Midi Astarlı Dokuma Elbise TWOSS22EL00733
14 Ağustos 2022,Bilgi mevcut değil,Bilgi mevcut değil,Beden: 42,Büyük beden almama rağmen göğsü dar geldi,TRENDYOLMİLLA Siyah Eteği Volanlı A Kesim Şifon Midi Astarlı Dokuma Elbise TWOSS22EL00733
27 Ocak 2025,Bilgi mevcut değil,Bilgi mevcut değil,Beden: 38,çok şeker göründüğü gibi,TRENDYOLMİLLA Çok Renkli Rahat Kesim Fırfırlı Viskon Dokuma Elbise TWOAW24EL00755
03 Ağustos 2024,Boy: 174cm,Kilo: 67kg,Beden: 40,Son zamanlarda aldığım en rahat elbise,TRENDYOLMİLLA Çok Renkli Rahat Kesim Fırfırlı Viskon Dokuma Elbise TWOAW24EL00755
23 Aralık 2023,Bilgi mevcut değil,Bilgi mevcut değil,Beden: 42,realda çox gözəl bir dondu. oturuşu rahat. tikilişi səliqəli👍,TRENDYOLMİLLA Çok Renkli Rahat Kesim Fırfırlı Viskon Dokuma Elbise TWOAW24EL00755
24 Kasım 2023,Boy: 152cm,Kilo: 60kg,Beden: 40,60 kiloyum L beden aldım iyi geldi yaşadı pot yaptı tadilat yaptirdim,TRENDYOLMİLLA Çok Renkli Rahat Kesim Fırfırlı Viskon Dokuma Elbise TWOAW24EL00755
26 Ekim 2023,Boy: 160cm,Kilo: 43kg,Beden: 36,Harika resimdekinin aynısı ara beden seniz bir beden büyük alınız,TRENDYOLMİLLA Çok Renkli Rahat Kesim Fırfırlı Viskon Dokuma Elbise TWOAW24EL00755
25 Şubat 2025,Bilgi mevcut değil,Bilgi mevcut değil,Beden: 42,çok güzel harika 38 neden aldım,TRENDYOLMİLLA Çok Renkli Rahat Kesim Fırfırlı Viskon Dokuma Elbise TWOAW24EL00755
26 Ocak 2025,Bilgi mevcut değil,Bilgi mevcut değil,Beden: 40,Çok ince bir kumaşı var ama severek giydiğim bir elbise. Giydiğinizde çok yakışıyor,TRENDYOLMİLLA Çok Renkli Rahat Kesim Fırfırlı Viskon Dokuma Elbise TWOAW24EL00755
25 Aralık 2024,Boy: 172cm,Kilo: 100kg,Beden: 42,o kadar tatlı ki muhteşem duruyor 100 kilo 42 oldu,TRENDYOLMİLLA Çok Renkli Rahat Kesim Fırfırlı Viskon Dokuma Elbise TWOAW24EL00755
21 Aralık 2024,Boy: 250cm,Kilo: 150kg,Beden: 40,Çok tatlıs ancak omuzdan Biraz düsük duruyor,TRENDYOLMİLLA Çok Renkli Rahat Kesim Fırfırlı Viskon Dokuma Elbise TWOAW24EL00755
13 Aralık 2024,Bilgi mevcut değil,Bilgi mevcut değil,Beden: 42,qabagi chox achiqdi amma qiymetine gore ela,TRENDYOLMİLLA Çok Renkli Rahat Kesim Fırfırlı Viskon Dokuma Elbise TWOAW24EL00755
09 Eylül 2024,Bilgi mevcut değil,Bilgi mevcut değil,Beden: 38,Mük👍🏻💋🫶🏻 bayıldım,TRENDYOLMİLLA Çok Renkli Rahat Kesim Fırfırlı Viskon Dokuma Elbise TWOAW24EL00755
14 Ağustos 2024,Bilgi mevcut değil,Bilgi mevcut değil,Beden: 42,Elbiseye bayildimmm,TRENDYOLMİLLA Çok Renkli Rahat Kesim Fırfırlı Viskon Dokuma Elbise TWOAW24EL00755
11 Temmuz 2024,Boy: 171cm,Kilo: 63kg,Beden: 34,Valla mükemmel 😻,TRENDYOLMİLLA Çok Renkli Rahat Kesim Fırfırlı Viskon Dokuma Elbise TWOAW24EL00755
19 Ocak 2024,Bilgi mevcut değil,Bilgi mevcut değil,Beden: 38,"çok güzel, aynı fotoğraftaki gibi, kendi bedeninizi alabilirsiniz",TRENDYOLMİLLA Çok Renkli Rahat Kesim Fırfırlı Viskon Dokuma Elbise TWOAW24EL00755
18 Ocak 2024,Bilgi mevcut değil,Bilgi mevcut değil,Beden: 38,model çok güzel 38 giyiniyorum ve dar oldu iade,TRENDYOLMİLLA Çok Renkli Rahat Kesim Fırfırlı Viskon Dokuma Elbise TWOAW24EL00755
22 Aralık 2023,Bilgi mevcut değil,Bilgi mevcut değil,Beden: 36,daha uygun olabilirdi,TRENDYOLMİLLA Çok Renkli Rahat Kesim Fırfırlı Viskon Dokuma Elbise TWOAW24EL00755
18 Aralık 2023,Boy: 158cm,Kilo: 73kg,Beden: 42,urun cokk cici ama kucuk oldugu icin iade ettim mecburen,TRENDYOLMİLLA Çok Renkli Rahat Kesim Fırfırlı Viskon Dokuma Elbise TWOAW24EL00755
13 Aralık 2023,Bilgi mevcut değil,Bilgi mevcut değil,Beden: 42,tam beden oldu.materialı əla👍🏻,TRENDYOLMİLLA Çok Renkli Rahat Kesim Fırfırlı Viskon Dokuma Elbise TWOAW24EL00755
07 Aralık 2023,Bilgi mevcut değil,Bilgi mevcut değil,Beden: 34,Deseni güzel canlı ama sırtı bana açık geldi astarida yok günlük hırka ile giyeceğim ama beklentimi karşılamadı,TRENDYOLMİLLA Çok Renkli Rahat Kesim Fırfırlı Viskon Dokuma Elbise TWOAW24EL00755
01 Aralık 2023,Bilgi mevcut değil,Bilgi mevcut değil,Beden: 38,hamilelik için aldım 1.58 boy 78 kilo 40 beden aldım tam oldu. kumaşı da çok güzel,TRENDYOLMİLLA Çok Renkli Rahat Kesim Fırfırlı Viskon Dokuma Elbise TWOAW24EL00755
29 Kasım 2023,Boy: 160cm,Kilo: 60kg,Beden: 40,Kumaşı güzel fakat yaka kısmı biraz açık olduğu için iade edeceğim,TRENDYOLMİLLA Çok Renkli Rahat Kesim Fırfırlı Viskon Dokuma Elbise TWOAW24EL00755
28 Kasım 2023,Bilgi mevcut değil,Bilgi mevcut değil,Beden: 40,kumaşı kaliteli yakası biraz açık oldu toplattım terzide,TRENDYOLMİLLA Çok Renkli Rahat Kesim Fırfırlı Viskon Dokuma Elbise TWOAW24EL00755
15 Kasım 2023,Bilgi mevcut değil,Bilgi mevcut değil,Beden: 38,Ürün kaliteli çok güzel bir ürün birebir geldi rengi resimdeki gibi capcanlı,TRENDYOLMİLLA Çok Renkli Rahat Kesim Fırfırlı Viskon Dokuma Elbise TWOAW24EL00755
11 Kasım 2023,Bilgi mevcut değil,Bilgi mevcut değil,Beden: 36,Herkes soruyor nereden aldığımı kızlar alın aldırın,TRENDYOLMİLLA Çok Renkli Rahat Kesim Fırfırlı Viskon Dokuma Elbise TWOAW24EL00755
08 Kasım 2023,Bilgi mevcut değil,Bilgi mevcut değil,Beden: 38,"coook cici , hele topuklu botla müthiş duruyor",TRENDYOLMİLLA Çok Renkli Rahat Kesim Fırfırlı Viskon Dokuma Elbise TWOAW24EL00755
07 Kasım 2023,Bilgi mevcut değil,Bilgi mevcut değil,Beden: 34,Cok guzel elbise,TRENDYOLMİLLA Çok Renkli Rahat Kesim Fırfırlı Viskon Dokuma Elbise TWOAW24EL00755
28 Ekim 2023,Boy: 160cm,Kilo: 74kg,Beden: 42,Çok hoş bir elbise 1 puanı yakası çok orantısız açık ondan kırıyorum. Terzide düzelttireceğim.,TRENDYOLMİLLA Çok Renkli Rahat Kesim Fırfırlı Viskon Dokuma Elbise TWOAW24EL00755
19 Ekim 2023,Boy: 170cm,Kilo: 58kg,Beden: 38,O kadar güzel ki bayıldımm🌸😍😍😍😍,TRENDYOLMİLLA Çok Renkli Rahat Kesim Fırfırlı Viskon Dokuma Elbise TWOAW24EL00755
15 Ekim 2023,Boy: 173cm,Kilo: 88kg,Beden: 40,astarsız yumusak kumas elbise kafama yatmadı,TRENDYOLMİLLA Çok Renkli Rahat Kesim Fırfırlı Viskon Dokuma Elbise TWOAW24EL00755
13 Ekim 2023,Bilgi mevcut değil,Bilgi mevcut değil,Beden: 42,Yakasında hafif potluk oluyor onun dışında güzel bir elbise,TRENDYOLMİLLA Çok Renkli Rahat Kesim Fırfırlı Viskon Dokuma Elbise TWOAW24EL00755
27 Ocak 2025,Bilgi mevcut değil,Bilgi mevcut değil,Beden: 38,çok şeker göründüğü gibi,TRENDYOLMİLLA Çok Renkli Rahat Kesim Fırfırlı Viskon Dokuma Elbise TWOAW24EL00755
03 Ağustos 2024,Boy: 174cm,Kilo: 67kg,Beden: 40,Son zamanlarda aldığım en rahat elbise,TRENDYOLMİLLA Çok Renkli Rahat Kesim Fırfırlı Viskon Dokuma Elbise TWOAW24EL00755
23 Aralık 2023,Bilgi mevcut değil,Bilgi mevcut değil,Beden: 42,realda çox gözəl bir dondu. oturuşu rahat. tikilişi səliqəli👍,TRENDYOLMİLLA Çok Renkli Rahat Kesim Fırfırlı Viskon Dokuma Elbise TWOAW24EL00755
24 Kasım 2023,Boy: 152cm,Kilo: 60kg,Beden: 40,60 kiloyum L beden aldım iyi geldi yaşadı pot yaptı tadilat yaptirdim,TRENDYOLMİLLA Çok Renkli Rahat Kesim Fırfırlı Viskon Dokuma Elbise TWOAW24EL00755
26 Ekim 2023,Boy: 160cm,Kilo: 43kg,Beden: 36,Harika resimdekinin aynısı ara beden seniz bir beden büyük alınız,TRENDYOLMİLLA Çok Renkli Rahat Kesim Fırfırlı Viskon Dokuma Elbise TWOAW24EL00755
25 Şubat 2025,Bilgi mevcut değil,Bilgi mevcut değil,Beden: 42,çok güzel harika 38 neden aldım,TRENDYOLMİLLA Çok Renkli Rahat Kesim Fırfırlı Viskon Dokuma Elbise TWOAW24EL00755
26 Ocak 2025,Bilgi mevcut değil,Bilgi mevcut değil,Beden: 40,Çok ince bir kumaşı var ama severek giydiğim bir elbise. Giydiğinizde çok yakışıyor,TRENDYOLMİLLA Çok Renkli Rahat Kesim Fırfırlı Viskon Dokuma Elbise TWOAW24EL00755
25 Aralık 2024,Boy: 172cm,Kilo: 100kg,Beden: 42,o kadar tatlı ki muhteşem duruyor 100 kilo 42 oldu,TRENDYOLMİLLA Çok Renkli Rahat Kesim Fırfırlı Viskon Dokuma Elbise TWOAW24EL00755
21 Aralık 2024,Boy: 250cm,Kilo: 150kg,Beden: 40,Çok tatlıs ancak omuzdan Biraz düsük duruyor,TRENDYOLMİLLA Çok Renkli Rahat Kesim Fırfırlı Viskon Dokuma Elbise TWOAW24EL00755
13 Aralık 2024,Bilgi mevcut değil,Bilgi mevcut değil,Beden: 42,qabagi chox achiqdi amma qiymetine gore ela,TRENDYOLMİLLA Çok Renkli Rahat Kesim Fırfırlı Viskon Dokuma Elbise TWOAW24EL00755
09 Eylül 2024,Bilgi mevcut değil,Bilgi mevcut değil,Beden: 38,Mük👍🏻💋🫶🏻 bayıldım,TRENDYOLMİLLA Çok Renkli Rahat Kesim Fırfırlı Viskon Dokuma Elbise TWOAW24EL00755
14 Ağustos 2024,Bilgi mevcut değil,Bilgi mevcut değil,Beden: 42,Elbiseye bayildimmm,TRENDYOLMİLLA Çok Renkli Rahat Kesim Fırfırlı Viskon Dokuma Elbise TWOAW24EL00755
11 Temmuz 2024,Boy: 171cm,Kilo: 63kg,Beden: 34,Valla mükemmel 😻,TRENDYOLMİLLA Çok Renkli Rahat Kesim Fırfırlı Viskon Dokuma Elbise TWOAW24EL00755
19 Ocak 2024,Bilgi mevcut değil,Bilgi mevcut değil,Beden: 38,"çok güzel, aynı fotoğraftaki gibi, kendi bedeninizi alabilirsiniz",TRENDYOLMİLLA Çok Renkli Rahat Kesim Fırfırlı Viskon Dokuma Elbise TWOAW24EL00755
18 Ocak 2024,Bilgi mevcut değil,Bilgi mevcut değil,Beden: 38,model çok güzel 38 giyiniyorum ve dar oldu iade,TRENDYOLMİLLA Çok Renkli Rahat Kesim Fırfırlı Viskon Dokuma Elbise TWOAW24EL00755
22 Aralık 2023,Bilgi mevcut değil,Bilgi mevcut değil,Beden: 36,daha uygun olabilirdi,TRENDYOLMİLLA Çok Renkli Rahat Kesim Fırfırlı Viskon Dokuma Elbise TWOAW24EL00755
18 Aralık 2023,Boy: 158cm,Kilo: 73kg,Beden: 42,urun cokk cici ama kucuk oldugu icin iade ettim mecburen,TRENDYOLMİLLA Çok Renkli Rahat Kesim Fırfırlı Viskon Dokuma Elbise TWOAW24EL00755
13 Aralık 2023,Bilgi mevcut değil,Bilgi mevcut değil,Beden: 42,tam beden oldu.materialı əla👍🏻,TRENDYOLMİLLA Çok Renkli Rahat Kesim Fırfırlı Viskon Dokuma Elbise TWOAW24EL00755
07 Aralık 2023,Bilgi mevcut değil,Bilgi mevcut değil,Beden: 34,Deseni güzel canlı ama sırtı bana açık geldi astarida yok günlük hırka ile giyeceğim ama beklentimi karşılamadı,TRENDYOLMİLLA Çok Renkli Rahat Kesim Fırfırlı Viskon Dokuma Elbise TWOAW24EL00755
01 Aralık 2023,Bilgi mevcut değil,Bilgi mevcut değil,Beden: 38,hamilelik için aldım 1.58 boy 78 kilo 40 beden aldım tam oldu. kumaşı da çok güzel,TRENDYOLMİLLA Çok Renkli Rahat Kesim Fırfırlı Viskon Dokuma Elbise TWOAW24EL00755
29 Kasım 2023,Boy: 160cm,Kilo: 60kg,Beden: 40,Kumaşı güzel fakat yaka kısmı biraz açık olduğu için iade edeceğim,TRENDYOLMİLLA Çok Renkli Rahat Kesim Fırfırlı Viskon Dokuma Elbise TWOAW24EL00755
28 Kasım 2023,Bilgi mevcut değil,Bilgi mevcut değil,Beden: 40,kumaşı kaliteli yakası biraz açık oldu toplattım terzide,TRENDYOLMİLLA Çok Renkli Rahat Kesim Fırfırlı Viskon Dokuma Elbise TWOAW24EL00755
15 Kasım 2023,Bilgi mevcut değil,Bilgi mevcut değil,Beden: 38,Ürün kaliteli çok güzel bir ürün birebir geldi rengi resimdeki gibi capcanlı,TRENDYOLMİLLA Çok Renkli Rahat Kesim Fırfırlı Viskon Dokuma Elbise TWOAW24EL00755
11 Kasım 2023,Bilgi mevcut değil,Bilgi mevcut değil,Beden: 36,Herkes soruyor nereden aldığımı kızlar alın aldırın,TRENDYOLMİLLA Çok Renkli Rahat Kesim Fırfırlı Viskon Dokuma Elbise TWOAW24EL00755
08 Kasım 2023,Bilgi mevcut değil,Bilgi mevcut değil,Beden: 38,"coook cici , hele topuklu botla müthiş duruyor",TRENDYOLMİLLA Çok Renkli Rahat Kesim Fırfırlı Viskon Dokuma Elbise TWOAW24EL00755
07 Kasım 2023,Bilgi mevcut değil,Bilgi mevcut değil,Beden: 34,Cok guzel elbise,TRENDYOLMİLLA Çok Renkli Rahat Kesim Fırfırlı Viskon Dokuma Elbise TWOAW24EL00755
28 Ekim 2023,Boy: 160cm,Kilo: 74kg,Beden: 42,Çok hoş bir elbise 1 puanı yakası çok orantısız açık ondan kırıyorum. Terzide düzelttireceğim.,TRENDYOLMİLLA Çok Renkli Rahat Kesim Fırfırlı Viskon Dokuma Elbise TWOAW24EL00755
19 Ekim 2023,Boy: 170cm,Kilo: 58kg,Beden: 38,O kadar güzel ki bayıldımm🌸😍😍😍😍,TRENDYOLMİLLA Çok Renkli Rahat Kesim Fırfırlı Viskon Dokuma Elbise TWOAW24EL00755
15 Ekim 2023,Boy: 173cm,Kilo: 88kg,Beden: 40,astarsız yumusak kumas elbise kafama yatmadı,TRENDYOLMİLLA Çok Renkli Rahat Kesim Fırfırlı Viskon Dokuma Elbise TWOAW24EL00755
13 Ekim 2023,Bilgi mevcut değil,Bilgi mevcut değil,Beden: 42,Yakasında hafif potluk oluyor onun dışında güzel bir elbise,TRENDYOLMİLLA Çok Renkli Rahat Kesim Fırfırlı Viskon Dokuma Elbise TWOAW24EL00755
11 Ekim 2023,Boy: 160cm,Kilo: 60kg,Beden: 40,"Çok beyendim,rahat bir elbise",TRENDYOLMİLLA Çok Renkli Rahat Kesim Fırfırlı Viskon Dokuma Elbise TWOAW24EL00755
11 Ekim 2023,Bilgi mevcut değil,Bilgi mevcut değil,Beden: 36,yakası bana çok açık geldi iade etmek zorunda kaldım cici bir elbise,TRENDYOLMİLLA Çok Renkli Rahat Kesim Fırfırlı Viskon Dokuma Elbise TWOAW24EL00755
10 Ekim 2023,Bilgi mevcut değil,Bilgi mevcut değil,Beden: 38,ürün göründüğü gibi renkleri çok canlı tam beden alabilirsiniz.,TRENDYOLMİLLA Çok Renkli Rahat Kesim Fırfırlı Viskon Dokuma Elbise TWOAW24EL00755
05 Ekim 2023,Boy: 168cm,Kilo: 60kg,Beden: 38,1.68 60 kiloyum 36 beden almıştım beli ve etek kısmı çok güzel olmasına rağmen göğüslerimden dolayı üst kısmı dar geldi fermuar kapandı ama sıktı rahatsız etti bu yüzden 38 bedeni ile değiştirdim elbisenin duruşu aşırı güzel çok kibar bir elbise ince ve zarif gösteriyor. Göğüs bedenim 80D,TRENDYOLMİLLA Çok Renkli Rahat Kesim Fırfırlı Viskon Dokuma Elbise TWOAW24EL00755
04 Ekim 2023,Boy: 163cm,Kilo: 75kg,Beden: 42,Güzel elbise beyendim,TRENDYOLMİLLA Çok Renkli Rahat Kesim Fırfırlı Viskon Dokuma Elbise TWOAW24EL00755
02 Ekim 2023,Boy: 165cm,Kilo: 70kg,Beden: 40,"Elbiseni kumaşı kesimi dikişi gayet özenli, deseni harika vbir elbise...",TRENDYOLMİLLA Çok Renkli Rahat Kesim Fırfırlı Viskon Dokuma Elbise TWOAW24EL00755
30 Eylül 2023,Bilgi mevcut değil,Bilgi mevcut değil,Beden: 36,Çok cici 36 beden aldım 1.61 55 kg tam oldu,TRENDYOLMİLLA Çok Renkli Rahat Kesim Fırfırlı Viskon Dokuma Elbise TWOAW24EL00755
29 Eylül 2023,Bilgi mevcut değil,Bilgi mevcut değil,Beden: 36,Tam beden alınabilir,TRENDYOLMİLLA Çok Renkli Rahat Kesim Fırfırlı Viskon Dokuma Elbise TWOAW24EL00755
28 Eylül 2023,Boy: 165cm,Kilo: 60kg,Beden: 36,Renkleri çok güzel çok canlı bayıldım,TRENDYOLMİLLA Çok Renkli Rahat Kesim Fırfırlı Viskon Dokuma Elbise TWOAW24EL00755
27 Eylül 2023,Bilgi mevcut değil,Bilgi mevcut değil,Beden: 40,Şıkır şıkır bir elbise fistan 🫶,TRENDYOLMİLLA Çok Renkli Rahat Kesim Fırfırlı Viskon Dokuma Elbise TWOAW24EL00755
23 Ocak 2025,Bilgi mevcut değil,Bilgi mevcut değil,Beden: 36,bugünün güzel ama 36 istedim 38 gönderdiniz terzide yaptırmK zorunda kaldım daha dikkatli olursNız sevinirim,TRENDYOLMİLLA Çok Renkli Rahat Kesim Fırfırlı Viskon Dokuma Elbise TWOAW24EL00755
08 Ocak 2025,Boy: 160cm,Kilo: 70kg,Beden: 40,Çok tatlı çok güzel ama yakası çok açık iade etmeyede elim gitmiyor bi yol bulmaya çalışacağım,TRENDYOLMİLLA Çok Renkli Rahat Kesim Fırfırlı Viskon Dokuma Elbise TWOAW24EL00755
18 Eylül 2023,Bilgi mevcut değil,Bilgi mevcut değil,Beden: 42,güzel ve hoş,TRENDYOLMİLLA Çok Renkli Rahat Kesim Fırfırlı Viskon Dokuma Elbise TWOAW24EL00755
14 Kasım 2024,Boy: 160cm,Kilo: 70kg,size: L,Elbise çok güzel fakat iade edilen giyilmiş ter kokan elbiseyi göndermişler,TRENDYOLMİLLA Taş Mini Triko A-Line Formda Elbise TWOAW25EL00030
26 Aralık 2024,Boy: 177cm,Kilo: 70kg,Beden: L,"Kol boyu ve üst vücudu olsun diye bir beden büyük aldım hep yaptığım gibi, üst bedeni gerçekten tam oldu ama altı biraz bol geldi yinede kemerle giyilebilinir diye düşünüyorum",TRENDYOLMİLLA Taş Mini Triko A-Line Formda Elbise TWOAW25EL00030
07 Şubat 2025,Boy: 163cm,Kilo: 65kg,Beden: L,Göbek bölgesinde bir tık yapışma oluyor ama çok güzel aşırı beğendim asil bir duruşu var kol detayına bayıldım zaten,TRENDYOLMİLLA Taş Mini Triko A-Line Formda Elbise TWOAW25EL00030
02 Şubat 2025,Bilgi mevcut değil,Bilgi mevcut değil,Beden: L,Elbise güzel beğendim ama sanırım başkasının iade ettiği elbiseyi göndermişler elbise TER kokuyordu!!,TRENDYOLMİLLA Taş Mini Triko A-Line Formda Elbise TWOAW25EL00030
03 Ocak 2025,Bilgi mevcut değil,Bilgi mevcut değil,Beden: S,Bayıldım hiç potluğu yok tam oturdu kumaşı da kalın,TRENDYOLMİLLA Taş Mini Triko A-Line Formda Elbise TWOAW25EL00030
02 Ocak 2025,Bilgi mevcut değil,Bilgi mevcut değil,Beden: S,Zayıfsanız sizi olduğunuzdan fazla basenli ve kalçanızı büyük gösteriyor s beden söyledim 47 kilo 155 boyum hem uzun durdu hem görünüşü kötü hem de boldu kesimden kaynaklı sanırım tamamen,TRENDYOLMİLLA Taş Mini Triko A-Line Formda Elbise TWOAW25EL00030
28 Aralık 2024,Boy: 170cm,Kilo: 62kg,Beden: M,"Kalın kumaşı ve üstte cok güzel duruyor 1.70 62kiloyum ama bana göre uzun kaldı biraz dizin 2 parmak üstü oldu, kemerle kısaltarak kullandım güzel oldu alın kesin🤩💯",TRENDYOLMİLLA Taş Mini Triko A-Line Formda Elbise TWOAW25EL00030
27 Aralık 2024,Bilgi mevcut değil,Bilgi mevcut değil,Beden: S,görseldeki ile aynı hafif esneme var. çok rahat,TRENDYOLMİLLA Taş Mini Triko A-Line Formda Elbise TWOAW25EL00030
26 Aralık 2024,Boy: 163cm,Kilo: 76kg,Beden: L,Aşırı güzel,TRENDYOLMİLLA Taş Mini Triko A-Line Formda Elbise TWOAW25EL00030
19 Aralık 2024,Boy: 172cm,Kilo: 50kg,Beden: S,Urun cok guzel S bedeni bana tam oldu. Bence tam muadil bir elbise kumasi da ince degil kalin baya. Ic gostermesi de yok. Ben bayildim,TRENDYOLMİLLA Taş Mini Triko A-Line Formda Elbise TWOAW25EL00030
01 Aralık 2024,Boy: 162cm,Kilo: 57kg,Bilgi mevcut değil,Tam bi fiyat performans diyebilirim,TRENDYOLMİLLA Taş Mini Triko A-Line Formda Elbise TWOAW25EL00030
29 Kasım 2024,Boy: 167cm,Kilo: 46kg,Bilgi mevcut değil,Çok tatlı elbise😍,TRENDYOLMİLLA Taş Mini Triko A-Line Formda Elbise TWOAW25EL00030
08 Kasım 2024,Boy: 168cm,Kilo: 64kg,size: M,1.68 64 kiloyum ve hamileyim m beden aldım ona rağmen çok büyük geldi boyu da uzun iade edip s beden istedim umarım güzel olur,TRENDYOLMİLLA Taş Mini Triko A-Line Formda Elbise TWOAW25EL00030
02 Kasım 2024,Bilgi mevcut değil,Bilgi mevcut değil,size: L,Bayıldım Trendyol milla kalitesi harika teşekkürler,TRENDYOLMİLLA Taş Mini Triko A-Line Formda Elbise TWOAW25EL00030
28 Ekim 2024,Bilgi mevcut değil,Bilgi mevcut değil,size: M,Cok güzel bi elbise,TRENDYOLMİLLA Taş Mini Triko A-Line Formda Elbise TWOAW25EL00030
25 Ekim 2024,Bilgi mevcut değil,Bilgi mevcut değil,Bilgi mevcut değil,1.60 49 kg kurek kemiklerimin oldugu yer biraz kasildi bir beden buyuk alabilirsiniz,TRENDYOLMİLLA Taş Mini Triko A-Line Formda Elbise TWOAW25EL00030
07 Ekim 2024,Bilgi mevcut değil,Bilgi mevcut değil,Beden: M,biraz daraltmam gerekti,TRENDYOLMİLLA Taş Mini Triko A-Line Formda Elbise TWOAW25EL00030
06 Ekim 2024,Boy: 168cm,Kilo: 58kg,Beden: L,Rengi çok güzel ve çok şık,TRENDYOLMİLLA Taş Mini Triko A-Line Formda Elbise TWOAW25EL00030
18 Eylül 2024,Bilgi mevcut değil,Bilgi mevcut değil,Beden: M,elbise çok güzel . boyu bana çok uzun geldi 178/65 l beden almıştım tam oldu,TRENDYOLMİLLA Taş Mini Triko A-Line Formda Elbise TWOAW25EL00030
11 Eylül 2024,Bilgi mevcut değil,Bilgi mevcut değil,Beden: S,ben çok beğendim. kumaşı tahmin ettiğimden kalın. kol detayları hoşuma gitti . biraz kilolu gösterdi gibi hissediyorum ama kemer falan takarsam dha iyi görünür diye düşünüyorum . ben indimde 350 ye aldım 500 600 verilir kazak alınmıyor 350 ye artık :),TRENDYOLMİLLA Taş Mini Triko A-Line Formda Elbise TWOAW25EL00030
07 Şubat 2025,Bilgi mevcut değil,Bilgi mevcut değil,Beden: M,elbiseyi çok beğendim ama manitam yemeğe çıkarmadığı için hala giyemedim..,TRENDYOLMİLLA Taş Mini Triko A-Line Formda Elbise TWOAW25EL00030
23 Ocak 2025,Boy: 172cm,Kilo: 55kg,Beden: S,bayıldım kendi bedenimde S aldım çok güzel bir ürün,TRENDYOLMİLLA Taş Mini Triko A-Line Formda Elbise TWOAW25EL00030
15 Ocak 2025,Boy: 155cm,Kilo: 55kg,Beden: S,Çok kilolu gösterdi,TRENDYOLMİLLA Taş Mini Triko A-Line Formda Elbise TWOAW25EL00030
10 Ocak 2025,Boy: 163cm,Kilo: 55kg,Beden: S,çok bol ve uzun geldi özellikle etek kısmı bol,TRENDYOLMİLLA Taş Mini Triko A-Line Formda Elbise TWOAW25EL00030
23 Aralık 2024,Boy: 165cm,Kilo: 75kg,Beden: L,kaliteli güzel tavsiye ederim,TRENDYOLMİLLA Taş Mini Triko A-Line Formda Elbise TWOAW25EL00030
21 Aralık 2024,Boy: 165cm,Kilo: 69kg,Beden: M,Çok güzel bi elbise grisi de çok güzel,TRENDYOLMİLLA Taş Mini Triko A-Line Formda Elbise TWOAW25EL00030
12 Aralık 2024,Boy: 165cm,Kilo: 55kg,Beden: M,harika bana kalırsa güzel ama düşündüğümden bi tık daha uzundu HM muadilii,TRENDYOLMİLLA Taş Mini Triko A-Line Formda Elbise TWOAW25EL00030
27 Kasım 2024,Bilgi mevcut değil,Bilgi mevcut değil,Beden: S,"Kargo her zamanki gibi hızlı ve sağlamdı ama bana çok kalın geldi, volanları hoş durmuyor ütü de yapılmaz. Beden olarak tam kalıp ama ben iade ettim",TRENDYOLMİLLA Taş Mini Triko A-Line Formda Elbise TWOAW25EL00030
20 Kasım 2024,Boy: 167cm,Kilo: 53kg,Bilgi mevcut değil,hızlı ulaştı bedeni de bir tık büyük normal kalıba göre ama çok hoş bir elbise.,TRENDYOLMİLLA Taş Mini Triko A-Line Formda Elbise TWOAW25EL00030
17 Kasım 2024,Bilgi mevcut değil,Bilgi mevcut değil,size: M,çok güzel beğendim,TRENDYOLMİLLA Taş Mini Triko A-Line Formda Elbise TWOAW25EL00030
14 Kasım 2024,Boy: 160cm,Kilo: 70kg,size: L,Elbise çok güzel fakat iade edilen giyilmiş ter kokan elbiseyi göndermişler,TRENDYOLMİLLA Taş Mini Triko A-Line Formda Elbise TWOAW25EL00030
26 Aralık 2024,Boy: 177cm,Kilo: 70kg,Beden: L,"Kol boyu ve üst vücudu olsun diye bir beden büyük aldım hep yaptığım gibi, üst bedeni gerçekten tam oldu ama altı biraz bol geldi yinede kemerle giyilebilinir diye düşünüyorum",TRENDYOLMİLLA Taş Mini Triko A-Line Formda Elbise TWOAW25EL00030
07 Şubat 2025,Boy: 163cm,Kilo: 65kg,Beden: L,Göbek bölgesinde bir tık yapışma oluyor ama çok güzel aşırı beğendim asil bir duruşu var kol detayına bayıldım zaten,TRENDYOLMİLLA Taş Mini Triko A-Line Formda Elbise TWOAW25EL00030
02 Şubat 2025,Bilgi mevcut değil,Bilgi mevcut değil,Beden: L,Elbise güzel beğendim ama sanırım başkasının iade ettiği elbiseyi göndermişler elbise TER kokuyordu!!,TRENDYOLMİLLA Taş Mini Triko A-Line Formda Elbise TWOAW25EL00030
03 Ocak 2025,Bilgi mevcut değil,Bilgi mevcut değil,Beden: S,Bayıldım hiç potluğu yok tam oturdu kumaşı da kalın,TRENDYOLMİLLA Taş Mini Triko A-Line Formda Elbise TWOAW25EL00030
02 Ocak 2025,Bilgi mevcut değil,Bilgi mevcut değil,Beden: S,Zayıfsanız sizi olduğunuzdan fazla basenli ve kalçanızı büyük gösteriyor s beden söyledim 47 kilo 155 boyum hem uzun durdu hem görünüşü kötü hem de boldu kesimden kaynaklı sanırım tamamen,TRENDYOLMİLLA Taş Mini Triko A-Line Formda Elbise TWOAW25EL00030
28 Aralık 2024,Boy: 170cm,Kilo: 62kg,Beden: M,"Kalın kumaşı ve üstte cok güzel duruyor 1.70 62kiloyum ama bana göre uzun kaldı biraz dizin 2 parmak üstü oldu, kemerle kısaltarak kullandım güzel oldu alın kesin🤩💯",TRENDYOLMİLLA Taş Mini Triko A-Line Formda Elbise TWOAW25EL00030
27 Aralık 2024,Bilgi mevcut değil,Bilgi mevcut değil,Beden: S,görseldeki ile aynı hafif esneme var. çok rahat,TRENDYOLMİLLA Taş Mini Triko A-Line Formda Elbise TWOAW25EL00030
26 Aralık 2024,Boy: 163cm,Kilo: 76kg,Beden: L,Aşırı güzel,TRENDYOLMİLLA Taş Mini Triko A-Line Formda Elbise TWOAW25EL00030
19 Aralık 2024,Boy: 172cm,Kilo: 50kg,Beden: S,Urun cok guzel S bedeni bana tam oldu. Bence tam muadil bir elbise kumasi da ince degil kalin baya. Ic gostermesi de yok. Ben bayildim,TRENDYOLMİLLA Taş Mini Triko A-Line Formda Elbise TWOAW25EL00030
01 Aralık 2024,Boy: 162cm,Kilo: 57kg,Bilgi mevcut değil,Tam bi fiyat performans diyebilirim,TRENDYOLMİLLA Taş Mini Triko A-Line Formda Elbise TWOAW25EL00030
29 Kasım 2024,Boy: 167cm,Kilo: 46kg,Bilgi mevcut değil,Çok tatlı elbise😍,TRENDYOLMİLLA Taş Mini Triko A-Line Formda Elbise TWOAW25EL00030
08 Kasım 2024,Boy: 168cm,Kilo: 64kg,size: M,1.68 64 kiloyum ve hamileyim m beden aldım ona rağmen çok büyük geldi boyu da uzun iade edip s beden istedim umarım güzel olur,TRENDYOLMİLLA Taş Mini Triko A-Line Formda Elbise TWOAW25EL00030
02 Kasım 2024,Bilgi mevcut değil,Bilgi mevcut değil,size: L,Bayıldım Trendyol milla kalitesi harika teşekkürler,TRENDYOLMİLLA Taş Mini Triko A-Line Formda Elbise TWOAW25EL00030
28 Ekim 2024,Bilgi mevcut değil,Bilgi mevcut değil,size: M,Cok güzel bi elbise,TRENDYOLMİLLA Taş Mini Triko A-Line Formda Elbise TWOAW25EL00030
25 Ekim 2024,Bilgi mevcut değil,Bilgi mevcut değil,Bilgi mevcut değil,1.60 49 kg kurek kemiklerimin oldugu yer biraz kasildi bir beden buyuk alabilirsiniz,TRENDYOLMİLLA Taş Mini Triko A-Line Formda Elbise TWOAW25EL00030
07 Ekim 2024,Bilgi mevcut değil,Bilgi mevcut değil,Beden: M,biraz daraltmam gerekti,TRENDYOLMİLLA Taş Mini Triko A-Line Formda Elbise TWOAW25EL00030
06 Ekim 2024,Boy: 168cm,Kilo: 58kg,Beden: L,Rengi çok güzel ve çok şık,TRENDYOLMİLLA Taş Mini Triko A-Line Formda Elbise TWOAW25EL00030
18 Eylül 2024,Bilgi mevcut değil,Bilgi mevcut değil,Beden: M,elbise çok güzel . boyu bana çok uzun geldi 178/65 l beden almıştım tam oldu,TRENDYOLMİLLA Taş Mini Triko A-Line Formda Elbise TWOAW25EL00030
11 Eylül 2024,Bilgi mevcut değil,Bilgi mevcut değil,Beden: S,ben çok beğendim. kumaşı tahmin ettiğimden kalın. kol detayları hoşuma gitti . biraz kilolu gösterdi gibi hissediyorum ama kemer falan takarsam dha iyi görünür diye düşünüyorum . ben indimde 350 ye aldım 500 600 verilir kazak alınmıyor 350 ye artık :),TRENDYOLMİLLA Taş Mini Triko A-Line Formda Elbise TWOAW25EL00030
07 Şubat 2025,Bilgi mevcut değil,Bilgi mevcut değil,Beden: M,elbiseyi çok beğendim ama manitam yemeğe çıkarmadığı için hala giyemedim..,TRENDYOLMİLLA Taş Mini Triko A-Line Formda Elbise TWOAW25EL00030
23 Ocak 2025,Boy: 172cm,Kilo: 55kg,Beden: S,bayıldım kendi bedenimde S aldım çok güzel bir ürün,TRENDYOLMİLLA Taş Mini Triko A-Line Formda Elbise TWOAW25EL00030
15 Ocak 2025,Boy: 155cm,Kilo: 55kg,Beden: S,Çok kilolu gösterdi,TRENDYOLMİLLA Taş Mini Triko A-Line Formda Elbise TWOAW25EL00030
10 Ocak 2025,Boy: 163cm,Kilo: 55kg,Beden: S,çok bol ve uzun geldi özellikle etek kısmı bol,TRENDYOLMİLLA Taş Mini Triko A-Line Formda Elbise TWOAW25EL00030
23 Aralık 2024,Boy: 165cm,Kilo: 75kg,Beden: L,kaliteli güzel tavsiye ederim,TRENDYOLMİLLA Taş Mini Triko A-Line Formda Elbise TWOAW25EL00030
21 Aralık 2024,Boy: 165cm,Kilo: 69kg,Beden: M,Çok güzel bi elbise grisi de çok güzel,TRENDYOLMİLLA Taş Mini Triko A-Line Formda Elbise TWOAW25EL00030
12 Aralık 2024,Boy: 165cm,Kilo: 55kg,Beden: M,harika bana kalırsa güzel ama düşündüğümden bi tık daha uzundu HM muadilii,TRENDYOLMİLLA Taş Mini Triko A-Line Formda Elbise TWOAW25EL00030
27 Kasım 2024,Bilgi mevcut değil,Bilgi mevcut değil,Beden: S,"Kargo her zamanki gibi hızlı ve sağlamdı ama bana çok kalın geldi, volanları hoş durmuyor ütü de yapılmaz. Beden olarak tam kalıp ama ben iade ettim",TRENDYOLMİLLA Taş Mini Triko A-Line Formda Elbise TWOAW25EL00030
20 Kasım 2024,Boy: 167cm,Kilo: 53kg,Bilgi mevcut değil,hızlı ulaştı bedeni de bir tık büyük normal kalıba göre ama çok hoş bir elbise.,TRENDYOLMİLLA Taş Mini Triko A-Line Formda Elbise TWOAW25EL00030
17 Kasım 2024,Bilgi mevcut değil,Bilgi mevcut değil,size: M,çok güzel beğendim,TRENDYOLMİLLA Taş Mini Triko A-Line Formda Elbise TWOAW25EL00030
24 Ekim 2024,Bilgi mevcut değil,Bilgi mevcut değil,Bilgi mevcut değil,bekledigimden daha kötü özensiz gönderilmiş,TRENDYOLMİLLA Taş Mini Triko A-Line Formda Elbise TWOAW25EL00030
24 Ekim 2024,Boy: 162cm,Kilo: 56kg,Bilgi mevcut değil,Çok iyi çok beğendim,TRENDYOLMİLLA Taş Mini Triko A-Line Formda Elbise TWOAW25EL00030
23 Eylül 2024,Boy: 158cm,Kilo: 55kg,Beden: M,Beklediğimden daha kalın tam kışlık bi elbise. Ama etek bölümü orantısız geldi bana önü ve arkası fazla kısa yanlar ise uzun ve genişliyor maalesef iade,TRENDYOLMİLLA Taş Mini Triko A-Line Formda Elbise TWOAW25EL00030
28 Şubat 2025,Boy: 172cm,Kilo: 70kg,Beden: L,"Ürün çok güzel Mango’da bir elbise vardı onun muadili gibi, yalnız şöyle bir durum var elbise ne kadar zayıf olursanız olun sizi Şişman gösteriyor. Bu elbiseyi alacaksanız bile mutlaka korse ile girmeniz gerektiğini düşünüyorum. Ben mesela mutlaka korse alacağım. Bu arada ben bu elbisenin grisini de aldım hangi renk daha güzel diye sorarsanız da gr
Devamını Oku",TRENDYOLMİLLA Taş Mini Triko A-Line Formda Elbise TWOAW25EL00030
20 Ocak 2025,Bilgi mevcut değil,Bilgi mevcut değil,Beden: M,Kullanılmış ürün gönderilmiş çok kötü ter kokuyordu deneyemedim bile,TRENDYOLMİLLA Taş Mini Triko A-Line Formda Elbise TWOAW25EL00030
24 Aralık 2024,Boy: 155cm,Kilo: 40kg,Beden: S,biraz uzun geldi boyum dolayısıyla ama kemerle falan hallettim çok beğendim,TRENDYOLMİLLA Taş Mini Triko A-Line Formda Elbise TWOAW25EL00030
06 Mart 2025,Boy: 159cm,Kilo: 51kg,Beden: S,fotodakinin aynısı aşırı sıcak tutuyor ilkbaharda sonbaharda giyilmez sadece kışın,TRENDYOLMİLLA Taş Mini Triko A-Line Formda Elbise TWOAW25EL00030
03 Mart 2025,Boy: 160cm,Kilo: 49kg,Beden: S,"çooook hoş duruyor, kalın sıcak tutuyor",TRENDYOLMİLLA Taş Mini Triko A-Line Formda Elbise TWOAW25EL00030
11 Eylül 2024,Bilgi mevcut değil,Bilgi mevcut değil,Beden: S,beklediğimden kalın onun dışında tam beden,TRENDYOLMİLLA Taş Mini Triko A-Line Formda Elbise TWOAW25EL00030
08 Aralık 2024,Bilgi mevcut değil,Bilgi mevcut değil,Beden: 36,elbisenin rengi harika 👏,TRENDYOLMİLLA Saks Düz Mini Dokuma Elbise TWOAW25EL00192
06 Aralık 2024,Bilgi mevcut değil,Bilgi mevcut değil,Beden: 38,sag kol ile göğüs arasında tek kolda aşırı potuk var iade,TRENDYOLMİLLA Saks Düz Mini Dokuma Elbise TWOAW25EL00192
15 Aralık 2024,Bilgi mevcut değil,Bilgi mevcut değil,Beden: 36,Çok beğendim,TRENDYOLMİLLA Saks Düz Mini Dokuma Elbise TWOAW25EL00192
03 Şubat 2025,Boy: 168cm,Kilo: 87kg,Beden: 42,ürün güzel mavisi çok hoş beni sikti gobekliyim baya ama başkalarında daha hos durur,TRENDYOLMİLLA Saks Düz Mini Dokuma Elbise TWOAW25EL00192
05 Kasım 2024,Boy: 162cm,Kilo: 57kg,size: 38,bayıldım rengi duruşu harika ama bir beden küçük alabilirmişim oldukça esnek👍😍,TRENDYOLMİLLA Saks Düz Mini Dokuma Elbise TWOAW25EL00192
