Ürün Linki
https://www.trendyol-milla.com/trendyolmilla/limited-edition-yag-yesili-firfir-detayli-bodycone-vucuda-oturan-mini-orme-elbise-twoss25el00591-p-888531352
https://www.trendyol-milla.com/trendyolmilla/siyah-kemerli-duz-a-kesim-yarim-patli-mini-dokuma-elbise-twoss25el00551-p-887542881
https://www.trendyol-milla.com/trendyolmilla/kahverengi-duz-a-kesim-nakisli-midi-dokuma-elbise-twoss25el00059-p-898103898
https://www.trendyol-milla.com/trendyolmilla/kahverengi-etegi-belden-acilan-triko-bant-detayli-mini-dokuma-elbise-twoss25el00751-p-896060607
https://www.trendyol-milla.com/trendyolmilla/mor-etnik-desenli-belden-acilan-firfirli-mini-dokuma-elbise-twoss24el00745-p-868427189
https://www.trendyol-milla.com/trendyolmilla/saks-duz-kesim-cepli-gomlek-yaka-keten-gorunumlu-mini-dokuma-elbise-twoss22el1068-p-870828493
https://www.trendyol-milla.com/trendyolmilla/yesil-soyut-midi-dokuma-elbise-twoss23el00487-p-869873922
https://www.trendyol-milla.com/trendyolmilla/bordo-cicekli-etegi-belden-acilan-gipeli-mini-dokuma-elbise-twoss25el00400-p-883628048
https://www.trendyol-milla.com/trendyolmilla/mor-cok-renkli-cicek-desenli-saten-dokuma-sik-midi-abiye-elbise-tprss23el00305-p-863890287
https://www.trendyol-milla.com/trendyolmilla/kirmizi-kemerli-duz-a-kesim-yarim-patli-mini-dokuma-elbise-twoss25el00551-p-887542888
https://www.trendyol-milla.com/trendyolmilla/ekru-tas-isleme-detayli-astarli-ince-tuvit-mini-dokuma-elbise-twoss25el00754-p-897648935
https://www.trendyol-milla.com/trendyolmilla/siyah-tas-isleme-detayli-astarli-ince-tuvit-mini-dokuma-elbise-twoss25el00754-p-897648934
https://www.trendyol-milla.com/trendyolmilla/mavi-a-kesim-kare-yaka-kup-detayli-sirti-ayar-askili-astarli-dokuma-elbise-twoss25el00133-p-896814274
https://www.trendyol-milla.com/trendyolmilla/pembe-cicekli-etegi-belden-acilan-lastikli-maxi-dokuma-elbise-twoss25el00570-p-890491555
https://www.trendyol-milla.com/trendyolmilla/turuncu-cok-renkli-soyut-tul-astarli-orme-midi-elbise-tprss25el00134-p-878089982
https://www.trendyol-milla.com/trendyolmilla/pembe-cicekli-a-kesim-firfirli-midi-dokuma-elbise-twoss25el00568-p-889566950
https://www.trendyol-milla.com/trendyolmilla/murdum-duz-mini-dokuma-elbise-twoss25el00587-p-892631696
https://www.trendyol-milla.com/trendyolmilla/lacivert-dokuma-detayli-bodycone-vucuda-oturan-midi-orme-elbise-twoss25el00356-p-880086022
https://www.trendyol-milla.com/trendyolmilla/mavi-cicek-baskili-askili-v-yaka-buzgulu-etegi-volanli-fitilli-esnek-maxi-orme-elbise-twoss25el00239-p-876940985
https://www.trendyol-milla.com/trendyolmilla/haki-duz-gipeli-mini-dokuma-elbise-twoss23el00892-p-868875997
https://www.trendyol-milla.com/trendyolmilla/kiremit-duz-duz-kesim-nakisli-midi-dokuma-elbise-twoaw22el0882-p-894336211
https://www.trendyol-milla.com/trendyolmilla/yesil-batik-cut-out-volan-maxi-dokuma-elbise-twoss21el3578-p-867546616
https://www.trendyol-milla.com/trendyolmilla/ekru-etnik-mini-dokuma-elbise-twoss25el00633-p-894477404
https://www.trendyol-milla.com/trendyolmilla/lacivert-modal-midi-dokuma-gomlek-elbise-twoss25el00281-p-878985900
https://www.trendyol-milla.com/trendyolmilla/kemerli-a-kesim-astarli-midi-dokuma-elbise-twoss20el0983-siyah-p-869871658
https://www.trendyol-milla.com/trendyolmilla/siyah-duz-kesim-maxi-dokuma-elbise-twoss25el00401-p-864791628
https://www.trendyol-milla.com/trendyolmilla/lacivert-cicek-desenli-maxi-dokuma-elbise-twoss24el00387-p-868678218
https://www.trendyol-milla.com/trendyolmilla/sari-cicekli-cut-out-volan-midi-dokuma-elbise-twoss21el0709-p-868578703
https://www.trendyol-milla.com/trendyolmilla/vizon-duz-buzgu-drape-maxi-more-sustainable-modal-burgu-detayli-esnek-orme-elbise-twoss25el00385-p-883189134
https://www.trendyol-milla.com/trendyolmilla/mor-duz-maxi-dokuma-elbise-twoss20el1954-p-868630127
https://www.trendyol-milla.com/trendyolmilla/siya-kruvaze-firfir-detayli-keten-gorunumlu-midi-dokuma-elbise-twoss24el00071-p-868424831
https://www.trendyol-milla.com/trendyolmilla/kirmizi-duz-a-kesim-midi-dokuma-elbise-twoss25el00559-p-887535094
https://www.trendyol-milla.com/trendyolmilla/kirmizi-duz-etegi-belden-acilan-maxi-dokuma-elbise-twoss25el00450-p-885459855
https://www.trendyol-milla.com/trendyolmilla/siyah-duz-etegi-belden-acilan-maxi-dokuma-elbise-twoss25el00450-p-885459851
https://www.trendyol-milla.com/trendyolmilla/siyah-duz-mini-dokuma-elbise-twoss25el00587-p-892631706
https://www.trendyol-milla.com/trendyolmilla/kirmizi-dokuma-detayli-bodycone-vucuda-oturan-midi-orme-elbise-twoss25el00356-p-880086021
https://www.trendyol-milla.com/trendyolmilla/siyah-animal-baskili-bisiklet-yaka-kisa-kol-mini-orme-elbise-twoss25el00692-p-896223924
https://www.trendyol-milla.com/trendyolmilla/bordo-duz-kesim-midi-dokuma-elbise-twoss25el00288-p-879426113
https://www.trendyol-milla.com/trendyolmilla/cok-renkli-duz-baglama-detayli-maxi-soyut-baskili-baglama-detayli-esnek-orme-elbise-twoss25el00679-p-895568292
https://www.trendyol-milla.com/trendyolmilla/siyah-kemerli-duz-kesim-piliseli-midi-astarli-sifon-dokuma-elbise-twoss25el00118-p-890240073
https://www.trendyol-milla.com/trendyolmilla/siyah-cicekli-etegi-belden-acilan-gipeli-midi-dokuma-elbise-twoss25el00036-p-864797868
https://www.trendyol-milla.com/trendyol-curve/siyah-tek-kol-vucuda-oturan-aksesuar-detayli-tul-esnek-orme-kalem-elbise-tbbss25ah00116-p-892237392
https://www.trendyol-milla.com/trendyol-curve/siyah-duz-yirtmacli-maxi-piliseli-a-line-esnek-orme-elbise-tbbss25ah00128-p-892241166
https://www.trendyol-milla.com/trendyolmilla/indigo-dik-yaka-a-line-can-kesim-pamuklu-maxi-orme-elbise-twoss25el00462-p-881064489
https://www.trendyol-milla.com/trendyol-curve/cok-renkli-v-yaka-balon-kol-cicek-desenli-orme-buyuk-beden-elbise-tbbss25ah00195-p-893412422
https://www.trendyol-milla.com/trendyol-curve/siyah-vatkali-mini-kolsuz-dokuma-buyuk-beden-elbise-tbbss25ah00202-p-893602424
https://www.trendyol-milla.com/trendyolmilla/pembe-soyut-desenli-etegi-belden-acilan-maxi-sifon-astarli-dokuma-elbise-twoss24el00611-p-868730541
https://www.trendyol-milla.com/trendyolmilla/kirmizi-a-kesim-ayarlanabilir-aski-detayli-midi-dokuma-elbise-twoss25el00022-p-866072637
https://www.trendyol-milla.com/trendyol-curve/lacivert-mini-gold-dugmeli-kolsuz-dokuma-buyuk-beden-elbise-tbbss25ah00169-p-889537360
https://www.trendyol-milla.com/trendyolmilla/bordo-v-yaka-kemerli-bodycone-vucuda-oturan-midi-orme-elbise-twoss25el00083-p-872350982
https://www.trendyol-milla.com/trendyolmilla/lila-a-kesim-tas-aksesuar-detayli-dokuma-midi-sik-elbise-tprss25el00173-p-898100574
https://www.trendyol-milla.com/trendyolmilla/pembe-cicek-desenli-a-kesim-maxi-dokuma-elbise-twoss25el00440-p-883824742
https://www.trendyol-milla.com/trendyolmilla/limited-edition-kahverengi-firfirli-mini-dokuma-elbise-twoss25el00516-p-885855411
https://www.trendyol-milla.com/trendyol-curve/cok-renkli-hamile-midi-citir-cicekli-balon-kollu-elbise-tbbss25ah00184-p-891257163
https://www.trendyol-milla.com/trendyol-curve/siyah-kolsuz-tasli-mini-dokuma-buyuk-beden-party-mezuniyet-abiye-elbise-tbbss25ah00164-p-891243240
https://www.trendyol-milla.com/trendyol-curve/kirmizi-puantiyeli-midi-askili-sifon-dokuma-buyuk-beden-elbise-tbbss25ah00155-p-887218259
https://www.trendyol-milla.com/trendyolmilla/mavi-cicek-baskili-askili-v-yaka-buzgulu-vucuda-oturan-esnek-maxi-orme-elbise-twoss25el00474-p-883826282
https://www.trendyol-milla.com/trendyolmilla/saks-payet-detayli-pariltili-sifon-dokuma-elbise-tprss25el00130-p-878085594
https://www.trendyol-milla.com/trendyolmilla/cicek-desenli-maxi-dokuma-sirt-dekolteli-plaj-elbise-tbess19wy0004-p-855477553
https://www.trendyol-milla.com/trendyolmilla/siyah-vucuda-oturan-orme-sik-kisa-elbise-tprss25el00029-p-866169679
https://www.trendyol-milla.com/trendyolmilla/siyah-duz-piliseli-mini-dokuma-elbise-twoss25el00753-p-896270372
https://www.trendyol-milla.com/trendyolmilla/mor-duz-kemerli-maxi-dokuma-elbise-twoss23el01628-p-868693189
https://www.trendyol-milla.com/trendyolmilla/siyah-a-kesim-saten-dokuma-sik-abiye-mezuniyet-elbise-tpraw25el00040-p-893545829
https://www.trendyol-milla.com/trendyolmilla/antrasit-midi-triko-cizgili-elbise-twoaw23el00226-p-811383453
https://www.trendyol-milla.com/trendyolmilla/siyah-karin-panelli-hamile-a-line-can-kesim-maxi-orme-elbise-twoss25el00073-p-882190451
https://www.trendyol-milla.com/trendyolmilla/siyah-vucuda-oturan-tas-baski-orme-kisa-sik-elbise-tprss25el00273-p-888613323
https://www.trendyol-milla.com/trendyolmilla/kirmizi-a-kesim-gul-detayli-dokuma-kisa-sik-elbise-tprss25el00263-p-888613293
https://www.trendyol-milla.com/trendyolmilla/acik-pembe-100-pamuk-bele-oturan-yirtmac-ve-baglama-detayli-midi-orme-kalem-elbise-twoss21el0404-p-872051411
https://www.trendyol-milla.com/trendyolmilla/kirmizi-duz-piliseli-mini-dokuma-elbise-twoss25el00753-p-896270371
https://www.trendyol-milla.com/trendyol-curve/beyaz-brode-dokuma-buyuk-beden-elbise-p-889532104
https://www.trendyol-milla.com/trendyolmilla/yag-yesil-kusakli-duz-dugme-detayli-mini-dokuma-gomlek-elbise-twoss25el00436-p-885631746
https://www.trendyol-milla.com/trendyolmilla/koyu-kahverengi-duz-lastikli-midi-dokuma-elbise-twoss22el1768-p-868683550
https://www.trendyol-milla.com/edit-by-trendyol/fusya-cicekli-midi-dokuma-elbise-tedss25el00002-p-891699491
https://www.trendyol-milla.com/trendyolmilla/siyah-mini-orme-dantel-plaj-elbisesi-tbess25el00088-p-887384567
https://www.trendyol-milla.com/trendyolmilla/cok-renkli-duz-firfirli-dokuma-yoryo-sifon-mini-astarli-sik-gece-elbise-p-886406240
https://www.trendyol-milla.com/trendyol-curve/pembe-askili-vucuda-oturan-orme-tul-buyuk-beden-elbise-tbbss25ah00016-p-893418381
https://www.trendyol-milla.com/trendyol-curve/siyah-kayik-yaka-a-line-kaskorse-orme-buyuk-beden-elbise-tbbss25ah00196-p-893408549
https://www.trendyol-milla.com/trendyolmilla/siyah-cicekli-etegi-belden-acilan-agrafli-mini-dokuma-elbise-twoss25el00419-p-882767443
https://www.trendyol-milla.com/trendyol-curve/siyah-sandy-orme-buyuk-beden-elbise-p-893419554
https://www.trendyol-milla.com/trendyolmilla/kirmizi-belden-acilan-midi-kruvaze-piliseli-ayarlanabilir-askili-orme-elbise-twoss20el2729-p-873026258
https://www.trendyol-milla.com/trendyolmilla/pembe-kusakli-cicek-desenli-a-kesim-kruvaze-yaka-midi-dokuma-elbise-twoss24el00915-p-868442921
https://www.trendyol-milla.com/trendyol-curve/kirmizi-dokuma-onu-dugmeli-elbise-tbbss22el1673-p-885857075
https://www.trendyol-milla.com/trendyolmilla/nar-cicegi-a-kesim-firfirli-astarli-sifon-dokuma-kisa-sik-elbise-tprss25el00220-p-886406241
https://www.trendyol-milla.com/trendyolmilla/koyu-mavi-gomlek-yaka-midi-denim-elbise-twoss25el00149-p-879881929
https://www.trendyol-milla.com/trendyolmilla/kirmizi-vucuda-oturan-degaje-yaka-orme-kisa-sik-elbise-tprss25el00252-p-888590811
https://www.trendyol-milla.com/trendyolmilla/siyah-baskili-askili-fitted-vucuda-oturan-kare-yaka-tul-esnek-orme-midi-kalem-elbise-twoss22el00726-p-875883906
https://www.trendyol-milla.com/trendyolmilla/kahverengi-etnik-midi-dokuma-elbise-twoss25el00700-p-896620730
https://www.trendyol-milla.com/trendyolmilla/mavi-duz-a-kesim-fiyonk-detayli-maxi-dokuma-elbise-twoss25el00316-p-879038875
https://www.trendyol-milla.com/trendyolmilla/siyah-modal-icerikli-efektli-shift-duz-kesim-kisa-kol-midi-orme-elbise-twoss25el00372-p-882191748
https://www.trendyol-milla.com/edit-by-trendyol/mavi-cicekli-midi-dokuma-elbise-tedss25el00001-p-891699191
https://www.trendyol-milla.com/trendyolmilla/yag-yesili-etegi-belden-acilan-pamuk-karisimli-maxi-dokuma-elbise-twoss24el00386-p-868438270
https://www.trendyol-milla.com/trendyol-curve/siyah-kol-ve-etek-ucu-puantiye-desenli-orme-buyuk-beden-elbise-tbbss25ah00190-p-892250248
https://www.trendyol-milla.com/trendyolmilla/soyut-desenli-mini-dokuma-cut-out-pencere-100-pamuklu-plaj-elbisesi-tbess23el00175-p-855646927
https://www.trendyol-milla.com/trendyol-curve/yag-yesil-dokumlu-rahat-modal-suprem-orme-buyuk-beden-elbise-tbbss25ah00138-p-888360816
https://www.trendyol-milla.com/trendyolmilla/bordo-maxi-dokuma-cut-out-pencere-plaj-elbisesi-tbess25el00079-p-884504651
https://www.trendyol-milla.com/trendyolmilla/acik-kahverengi-kusakli-duz-beli-lastikli-kusakli-midi-dokuma-elbise-twoss19el0155-p-882053366
https://www.trendyol-milla.com/trendyolmilla/kiremit-mini-dokuma-firfirli-plaj-elbisesi-tbess25el00091-p-887309505
https://www.trendyol-milla.com/trendyolmilla/siyah-maxi-dokuma-balon-kollu-plaj-elbisesi-tbess25el00032-p-873390319
https://www.trendyol-milla.com/trendyolmilla/zebra-desenli-maxi-dokuma-buzgu-detayli-100-pamuklu-plaj-elbisesi-tbess25el00017-p-858539094
https://www.trendyol-milla.com/trendyolmilla/siyah-duz-gipeli-midi-tek-kol-burumcuk-dokulu-orme-elbise-twoss25el00540-p-887269244
https://www.trendyol-milla.com/trendyol-curve/siyah-shally-dokuma-buyuk-beden-elbise-p-882878126
https://www.trendyol-milla.com/trendyolmilla/limited-edition-indigo-cicek-baskili-orme-maxi-esnek-kalem-elbise-twoss24el00563-p-875882505
https://www.trendyol-milla.com/trendyol-curve/murdum-kayik-yaka-a-line-kaskorse-orme-buyuk-beden-elbise-tbbss25ah00196-p-893408550
https://www.trendyol-milla.com/trendyolmilla/pudra-etnik-desenli-midi-dokuma-elbise-twoss24el00390-p-868729368
https://www.trendyol-milla.com/trendyolmilla/kahverengi-a-kesim-mini-pamuklu-pencere-cut-out-detayli-kare-yaka-dokuma-elbise-twoss23el00596-p-883854902
https://www.trendyol-milla.com/trendyolmilla/nar-cicegi-duz-kesim-dugme-detayli-midi-dokuma-gomlek-elbise-twoss25el00439-p-883810375
https://www.trendyol-milla.com/trendyolmilla/zumrut-yesili-v-yaka-dugme-detayli-buzgulu-skater-belden-acilan-esnek-midi-orme-elbise-p-886959736
https://www.trendyol-milla.com/trendyolmilla/pembe-soyut-cicekli-degaje-yaka-yirtmacli-a-line-can-kesim-midi-orme-elbise-twoss25el00684-p-894750354
https://www.trendyol-milla.com/trendyolmilla/ekru-etegi-belden-acilan-kumas-ozellikli-astarli-maxi-dokuma-elbise-twoss25el00186-p-875946631
https://www.trendyol-milla.com/trendyolmilla/pembe-straplez-buzgulu-vucuda-oturan-midi-esnek-orme-kalem-elbise-twoss24el00287-p-873013770
https://www.trendyol-milla.com/trendyolmilla/cicek-desenli-maxi-dokuma-buzgu-detayli-plaj-elbisesi-tbess25el00100-p-887136511
https://www.trendyol-milla.com/trendyolmilla/zebra-desenli-maxi-dokuma-plaj-elbisesi-tbess25el00083-p-884470339
https://www.trendyol-milla.com/trendyolmilla/siyah-v-yaka-dugme-detayli-buzgulu-skater-belden-acilan-esnek-midi-orme-elbise-p-886959745
https://www.trendyol-milla.com/trendyolmilla/murdum-pike-yirtmacli-kruvaze-kapamali-maxi-esnek-orme-elbise-twoss25el00458-p-884856697
https://www.trendyol-milla.com/trendyolmilla/siyah-etnik-maxi-dokuma-elbise-twoss23el00989-p-868714826
https://www.trendyol-milla.com/trendyolmilla/bordo-a-kesim-volanli-orme-kisa-sik-elbise-tprss25el00256-p-888590936
https://www.trendyol-milla.com/trendyolmilla/siyah-duz-kesim-v-yaka-maxi-dokuma-elbise-twoss24el00995-p-868444425
https://www.trendyol-milla.com/trendyolmilla/antrasit-pike-yirtmacli-kruvaze-kapamali-maxi-esnek-orme-elbise-twoss25el00458-p-884856703
https://www.trendyol-milla.com/edit-by-trendyol/siyah-v-yaka-balon-kol-kusakli-skater-belden-acilan-mini-orme-elbise-tedss25el00009-p-896224809
https://www.trendyol-milla.com/trendyolmilla/siyah-duz-etegi-belden-acilan-balon-kol-mini-dokuma-elbise-twoss25el00276-p-879005105
https://www.trendyol-milla.com/trendyolmilla/kirmizi-baglama-detayli-bisiklet-yaka-triko-gorunumlu-mini-orme-elbise-twoss22el0751-p-873135884
https://www.trendyol-milla.com/trendyolmilla/siyah-midi-dokuma-100-pamuk-plaj-elbisesi-tbess25el00106-p-887297352
https://www.trendyol-milla.com/trendyolmilla/pembe-cizgili-maxi-dokuma-firfirli-plaj-elbisesi-tbess24el00091-p-855613813
https://www.trendyol-milla.com/trendyolmilla/mavi-duz-etegi-belden-acilan-kemerli-midi-dokuma-elbise-twoss23el01123-p-868569181
https://www.trendyol-milla.com/trendyolmilla/siyah-a-kesim-carmen-yaka-orme-midi-sik-elbise-tprss25el00150-p-881676419
https://www.trendyol-milla.com/trendyolmilla/siyah-kusakli-shift-boyundan-baglamali-halter-yaka-shally-maxi-dokuma-elbise-twoss24el00872-p-869397372
https://www.trendyol-milla.com/trendyolmilla/siyah-dokulu-astarli-straplez-bodycone-vucuda-oturan-esnek-maxi-orme-elbise-twoss25el00241-p-876942224
https://www.trendyol-milla.com/trendyolmilla/siyah-belden-acilan-baglama-detayli-midi-dokuma-elbise-twoss23el01913-p-869405576
https://www.trendyol-milla.com/trendyolmilla/siyah-duz-duz-kesim-mini-dokuma-elbise-twoss23el01497-p-867546168
https://www.trendyol-milla.com/trendyolmilla/beyaz-a-kesim-carmen-yaka-orme-sik-kisa-elbise-tprss25el00150-p-881676422
https://www.trendyol-milla.com/trendyolmilla/cok-renkli-leopar-desenli-vucuda-oturan-astarli-tul-elbise-tprss25el00036-p-867412756
https://www.trendyol-milla.com/trendyolmilla/cicek-desenli-maxi-dokuma-baglamali-keten-karisimli-plaj-elbisesi-tbess25el00042-p-873722687
https://www.trendyol-milla.com/trendyolmilla/yesil-cicekli-a-kesim-firfirli-maxi-dokuma-elbise-twoss24el00613-p-868917674
https://www.trendyol-milla.com/trendyolmilla/haki-midi-genis-kseim-bordur-desen-detayli-dokuma-elbise-twoss24el01019-p-869394912
https://www.trendyol-milla.com/trendyolmilla/vizon-duz-kesim-midi-dokuma-elbise-twoss25el00288-p-879426116
https://www.trendyol-milla.com/trendyolmilla/mint-cicekli-mini-dokuma-elbise-twoss23el01782-p-887357075
https://www.trendyol-milla.com/trendyolmilla/bordo-dokuma-oversize-maxi-dokuma-plaj-elbise-tbess25el00122-p-896291520
https://www.trendyol-milla.com/trendyolmilla/murdum-cicekli-firfirli-mini-dokuma-elbise-twoss23el02293-p-876832110
https://www.trendyol-milla.com/trendyol-curve/fusya-kalp-yaka-midi-boy-orme-buyuk-beden-elbise-tbbss25ah00014-p-893417502
https://www.trendyol-milla.com/trendyol-curve/kehverengi-baglama-detayli-midi-v-yaka-esnek-orme-elbise-tbbss25ah00015-p-893418006
https://www.trendyol-milla.com/trendyolmilla/siyah-vucuda-oturan-straplez-dokuma-kisa-sik-sik-elbise-tprss25el00233-p-886437475
https://www.trendyol-milla.com/trendyolmilla/siyah-duz-etegi-belden-acilan-kruvaze-midi-dokuma-elbise-twoss25el00201-p-876804492
https://www.trendyol-milla.com/trendyolmilla/mavi-cicekli-firfirli-mini-dokuma-elbise-twoss23el01445-p-871003432
https://www.trendyol-milla.com/trendyolmilla/antrasit-fitilli-kollari-volanli-bodycone-vucuda-oturan-midi-esnek-orme-kalem-elbise-twoss23el01708-p-870551567
https://www.trendyol-milla.com/trendyolmilla/fusya-maxi-orme-dantel-plaj-elbisesi-tbess25el00089-p-887384775
https://www.trendyol-milla.com/trendyolmilla/bordo-yaka-detayli-krep-mini-skater-belden-acilan-orme-elbise-twoss23el02015-p-870553054
https://www.trendyol-milla.com/trendyolmilla/siyah-sirt-aksesuar-detayli-saten-dokuma-kisa-sik-elbise-tprss25el00238-p-886475171
https://www.trendyol-milla.com/trendyolmilla/ekru-duz-cep-detayli-mini-tuvit-kumas-fitted-vucuda-oturan-esnek-orme-elbise-twoss25el00542-p-887499686
https://www.trendyol-milla.com/trendyolmilla/pembe-duz-etegi-belden-acilan-mini-dokuma-elbise-twoaw25el00244-p-885628019
https://www.trendyol-milla.com/trendyolmilla/cok-renkli-etegi-volanli-nakisli-kruvaze-yaka-sifon-astarli-mini-dokuma-elbise-twoss24el00633-p-867681886
https://www.trendyol-milla.com/trendyolmilla/siyah-vucuda-oturan-parlak-tasli-orme-midi-sik-elbise-tprss25el00269-p-888153191
https://www.trendyol-milla.com/trendyolmilla/kahverengi-geometrik-desenli-duz-kesim-midi-dokuma-elbise-twoss25el00044-p-864790704
https://www.trendyol-milla.com/trendyolmilla/kirmizi-cizgili-kemerli-mini-dokuma-elbise-twoss19xn0010-p-872072177
https://www.trendyol-milla.com/trendyolmilla/pembe-soyut-desenli-tul-bodycone-vucuda-oturan-midi-orme-elbise-twoss25el00534-p-887541988
https://www.trendyol-milla.com/trendyolmilla/siyah-cizgili-maxi-cizgili-triko-elbise-twoss25el00508-p-882077432
https://www.trendyol-milla.com/trendyolmilla/pembe-cicekli-duz-kesim-viskon-maxi-dokuma-elbise-twoss24el00524-p-867683419
https://www.trendyol-milla.com/trendyolmilla/cok-renkli-cizgili-genis-kalip-mini-dokuma-firfirli-100-pamuklu-plaj-elbisesi-tbess21el1247-p-877164742
https://www.trendyol-milla.com/trendyolmilla/pembe-cicek-desenli-etegi-belden-acilan-gipeli-mini-dokuma-elbise-twoss25el00566-p-890471771
https://www.trendyol-milla.com/trendyol-curve/yesil-cizgili-100-pamuk-dokuma-mini-buyuk-beden-gomlek-elbise-tbbss25ah00157-p-887390777
https://www.trendyol-milla.com/trendyolmilla/saks-vucuda-oturan-sirti-pencere-cut-out-detay-dokuma-keten-gorunumlu-elbise-twoss23el01022-p-867545957
https://www.trendyol-milla.com/edit-by-trendyol/lacivert-maxi-cizgili-dokuma-elbise-tedss25el00005-p-891700638
https://www.trendyol-milla.com/edit-by-trendyol/haki-cicekli-midi-dokuma-elbise-tedss25el00010-p-895370503
https://www.trendyol-milla.com/trendyol-curve/haki-modal-yumusak-midi-dokuma-buyuk-beden-elbise-tbbss25ah00134-p-886423045
https://www.trendyol-milla.com/trendyolmilla/kahverengi-leopar-desenli-maxi-dokuma-elbise-twoss23el02416-p-868720083
https://www.trendyol-milla.com/trendyolmilla/kirmizi-duz-maxi-boyundan-askili-gul-detayli-triko-elbise-twoss25el00525-p-893340463
https://www.trendyol-milla.com/trendyolmilla/kahverengi-duz-kesim-maxi-dokuma-elbise-twoss25el00247-p-875384559
https://www.trendyol-milla.com/trendyolmilla/kirmizi-kare-yaka-bodycone-vucuda-oturan-esnek-midi-orme-elbise-twoss25el00691-p-895479070
https://www.trendyol-milla.com/trendyolmilla/yesil-cicekli-etegi-belden-acilan-aski-baglama-detayli-mini-viskon-dokuma-elbise-twoss25el00291-p-878988791
https://www.trendyol-milla.com/trendyolmilla/bordo-bodycone-vucuda-oturan-buzgu-detayli-orme-esnek-midi-kalem-elbise-twoss23el00751-p-871965266
https://www.trendyol-milla.com/trendyolmilla/haki-mini-dokuma-baglamali-keten-karisimli-plaj-elbisesi-tbess23el00103-p-888854623
https://www.trendyol-milla.com/trendyolmilla/indigo-shift-duz-mini-orme-elbise-twoss25el00162-p-872992341
https://www.trendyol-milla.com/trendyolmilla/kirmizi-duz-mini-dokuma-elbise-twoss23el01497-p-867546164
https://www.trendyol-milla.com/trendyolmilla/indigo-duz-kusakli-mini-dokuma-elbise-twoss19xn0008-p-868581559
https://www.trendyol-milla.com/trendyolmilla/fusya-duz-kesim-muslin-midi-dokuma-elbise-twoss25el00171-p-869904615
https://www.trendyol-milla.com/trendyolmilla/indigo-shift-duz-havuz-yaka-midi-triko-gorunumlu-esnek-orme-elbise-twoss22el2964-p-873140276
https://www.trendyol-milla.com/trendyolmilla/kiremit-ay-kol-buzgu-drape-detayli-vucuda-oturan-esnek-maxi-orme-elbise-twoss25el00666-p-895479227
https://www.trendyol-milla.com/trendyol-curve/bordo-halter-yaka-burumcuk-dokulu-kumas-maxi-boy-orme-buyuk-beden-elbise-tbbss25ah00006-p-893418816
https://www.trendyol-milla.com/trendyolmilla/siyah-vucuda-oturan-straplez-fiyonklu-dokuma-midi-sik-elbise-tprss25el00244-p-886480115
https://www.trendyol-milla.com/trendyol-curve/siyah-kaskorse-orme-buyuk-beden-elbise-p-892245550
https://www.trendyol-milla.com/trendyolmilla/vizon-soyut-desenli-duz-kesim-saten-midi-dokuma-elbise-twoss25el00043-p-864790533
https://www.trendyol-milla.com/trendyolmilla/cok-renkli-dokulu-dik-yaka-sifir-kol-esnek-orme-midi-kalem-elbise-twoss24el00678-p-875977020
https://www.trendyol-milla.com/trendyolmilla/siyah-vucuda-oturan-midi-tek-omuz-ayarlanabilir-askili-orme-kalem-elbise-twoss23el01577-p-873027147
https://www.trendyol-milla.com/trendyolmilla/mor-duz-etegi-belden-acilan-lastikli-midi-dokuma-elbise-twoss22el1768-p-868683551
https://www.trendyol-milla.com/trendyolmilla/mint-maxi-dokuma-sirt-dekolteli-plaj-elbise-tbess19wy0004-p-865113441
https://www.trendyol-milla.com/trendyolmilla/bej-mini-dokuma-firfirli-plaj-elbisesi-tbess25el00091-p-887309507
https://www.trendyol-milla.com/trendyolmilla/yag-yesili-duz-midi-askili-shift-duz-maxi-orme-elbise-twoss24el00288-p-873210806
https://www.trendyol-milla.com/trendyolmilla/sari-kusakli-duz-kusakli-midi-dokuma-elbise-twoss24el00914-p-869904255
https://www.trendyol-milla.com/trendyol-curve/siyah-kruvaze-yaka-kaskorse-hamile-elbise-tbbss25ah00179-p-893411036
https://www.trendyol-milla.com/trendyolmilla/ekru-maxi-orme-derin-dekolteli-yirtmacli-plaj-elbisesi-tbess25el00078-p-884504431
https://www.trendyol-milla.com/trendyolmilla/camel-cizgili-kusakli-mini-dokuma-elbise-twoss21el1290-p-890496632
https://www.trendyol-milla.com/trendyolmilla/mavi-baskili-maxi-sal-desenli-v-yaka-kolsuz-a-line-orme-elbise-twoss22el1588-p-884694365
https://www.trendyol-milla.com/trendyolmilla/siyah-pili-detayli-mini-orme-elbise-twoss25el00252-p-880924215
https://www.trendyol-milla.com/trendyolmilla/siyah-a-kesim-midi-dokuma-elbise-twoss24el00601-p-869402897
https://www.trendyol-milla.com/trendyolmilla/siyah-cicekli-firfirli-a-kesim-sifon-astarli-maxi-dokuma-elbise-twoss24el00692-p-867681501
https://www.trendyol-milla.com/trendyolmilla/fusya-cicek-desenli-rahat-kesim-maxi-dokuma-elbise-twoss25el00671-p-892307142
https://www.trendyol-milla.com/trendyolmilla/ekru-mini-dokuma-cut-out-pencere-flamli-pamuk-plaj-elbisesi-tbess25el00102-p-887137327
https://www.trendyol-milla.com/trendyolmilla/pembe-cicekli-etegi-belden-acilan-kusakli-mini-dokuma-elbise-twoss23el02056-p-867668710
https://www.trendyol-milla.com/trendyolmilla/siyah-duz-a-kesim-firfirli-mini-dokuma-elbise-twoss25el00407-p-882813526
https://www.trendyol-milla.com/trendyolmilla/kirmizi-duz-a-kesim-firfirli-mini-dokuma-elbise-twoss25el00407-p-882813496
https://www.trendyol-milla.com/trendyolmilla/haki-straplez-buzgulu-vucuda-oturan-midi-esnek-orme-kalem-elbise-twoss24el00287-p-873013761
https://www.trendyol-milla.com/trendyolmilla/antrasit-mini-metalik-iplik-triko-elbise-twoss25el00547-p-886436209
https://www.trendyol-milla.com/trendyolmilla/antrasit-duz-buzgu-drape-maxi-asimetrik-yaka-detayli-orme-elbise-twoss25el00677-p-895568069
https://www.trendyol-milla.com/trendyolmilla/premium-vizon-degaje-yaka-sifir-kol-astarli-maxi-orme-elbise-twoss25el00435-p-892579696
https://www.trendyol-milla.com/trendyolmilla/beyaz-onden-dugmeli-dikis-detayli-mini-denim-elbise-twoss25el00504-p-884233019
https://www.trendyol-milla.com/trendyol-curve/zumrut-yesili-sifon-dokuma-buyuk-beden-elbise-p-887390364
https://www.trendyol-milla.com/trendyol-curve/antrasit-poliviskon-dokuma-buyuk-beden-elbise-p-879092863
https://www.trendyol-milla.com/trendyolmilla/siyah-duz-kesim-dugme-detayli-midi-dokuma-gomlek-elbise-twoss25el00439-p-883810376
https://www.trendyol-milla.com/trendyolmilla/fusya-duz-a-kesim-fiyonk-detayli-maxi-dokuma-elbise-twoss25el00144-p-869918963
https://www.trendyol-milla.com/trendyolmilla/bordo-kalin-askili-fitted-vucuda-oturan-esnek-orme-maxi-kalem-elbise-twoss24el00137-p-871969747
https://www.trendyol-milla.com/trendyolmilla/pembe-kusakli-shift-boyundan-baglamali-halter-yaka-shally-maxi-dokuma-elbise-twoss24el00872-p-869400664
https://www.trendyol-milla.com/trendyolmilla/siyah-a-kesim-volanli-dugme-detayli-mini-dokuma-elbise-twoss23el02259-p-868429046
https://www.trendyol-milla.com/trendyolmilla/siyah-a-kesim-poplin-dokuma-kisa-elbise-tprss25el00210-p-885037927
https://www.trendyol-milla.com/trendyolmilla/indigo-duz-kesim-maxi-dokuma-elbise-twoss25el00247-p-875384554
https://www.trendyol-milla.com/trendyol-curve/yesil-tul-orme-buyuk-beden-elbise-p-891647677
https://www.trendyol-milla.com/trendyolmilla/zumrut-yesili-duz-tek-omuzlu-drapeli-fitted-vucuda-oturan-esnek-orme-elbise-twoss24el00100-p-871965899
https://www.trendyol-milla.com/trendyolmilla/pembe-rahat-kesim-v-yaka-midi-dokuma-elbise-twoss23el00882-p-867673345
https://www.trendyol-milla.com/trendyolmilla/siyah-maxi-dokuma-buzgu-detayli-plaj-elbisesi-tbess25el00100-p-887136488
https://www.trendyol-milla.com/trendyolmilla/sari-cicek-desenli-gipeli-balon-etek-detayli-mini-dokuma-elbise-twoss24el01141-p-891346344
https://www.trendyol-milla.com/trendyol-curve/antrasit-modal-yumusak-midi-dokuma-buyuk-beden-elbise-tbbss25ah00134-p-886423049
https://www.trendyol-milla.com/trendyolmilla/kahverengi-puantiyeli-a-kesim-volanli-firfirli-mini-dokuma-elbise-twoss25el00454-p-885477193
https://www.trendyol-milla.com/trendyolmilla/siyah-tek-omuz-mini-dokuma-100-pamuk-volanli-plaj-elbisesi-tbess25el00073-p-884517779
https://www.trendyol-milla.com/trendyolmilla/tarcin-vucuda-oturan-cut-out-pencere-detayli-orme-kisa-sik-elbise-tprss25el00193-p-884476085
https://www.trendyol-milla.com/trendyolmilla/turuncu-shift-boyundan-baglamali-halter-yaka-shally-maxi-dokuma-elbise-twoss24el00872-p-869400655
https://www.trendyol-milla.com/edit-by-trendyol/siyah-kisa-kol-bisiklet-yaka-mini-orme-t-shirt-elbise-tedss25el00008-p-896225024
https://www.trendyol-milla.com/trendyolmilla/siyah-maxi-dokuma-cut-out-pencere-plaj-elbisesi-tbess25el00079-p-884504652
https://www.trendyol-milla.com/trendyolmilla/lacivert-premium-iplik-ozel-iplik-dokulu-maxi-buzgulu-hirka-elbise-triko-elbise-twoss25el00497-p-885937073
https://www.trendyol-milla.com/trendyolmilla/ekru-mini-bisiklet-yaka-peplum-triko-elbise-twoss25el00309-p-881375803
https://www.trendyol-milla.com/trendyolmilla/indigo-bodycone-vucuda-oturan-askili-midi-orme-elbise-twoss25el00164-p-872235994
https://www.trendyol-milla.com/trendyolmilla/siyah-shift-duz-mini-orme-elbise-twoss25el00162-p-872992362
https://www.trendyol-milla.com/trendyolmilla/cicek-desenli-mini-dokuma-plaj-elbisesi-tbess25el00090-p-887389310
https://www.trendyol-milla.com/trendyolmilla/mor-cicek-baskili-askili-v-yaka-buzgulu-etegi-volanli-fitilli-esnek-maxi-orme-elbise-twoss25el00239-p-876940991
https://www.trendyol-milla.com/trendyolmilla/siyah-duz-etegi-belden-acilan-mini-dokuma-elbise-twoss25el00397-p-878967566
https://www.trendyol-milla.com/trendyolmilla/bordo-pili-detayli-mini-orme-elbise-twoss25el00252-p-880924214
https://www.trendyol-milla.com/trendyolmilla/pembe-cicek-baskili-kruvaze-v-yaka-skater-belden-acilan-fitilli-esnek-orme-mini-twoss21el0241-p-195725880
https://www.trendyol-milla.com/trendyolmilla/bej-a-kesim-volanli-viskon-dokuma-elbise-dokuma-elbise-twoss24el01053-p-869394394
https://www.trendyol-milla.com/trendyolmilla/kahverengi-mini-dokuma-cut-out-pencere-flamli-pamuk-plaj-elbisesi-tbess25el00102-p-887137329
https://www.trendyol-milla.com/trendyolmilla/pembe-duz-kesim-tas-detayli-mini-dokuma-elbise-twoss25el00447-p-883808624
https://www.trendyol-milla.com/trendyolmilla/haki-duz-gipeli-midi-tek-kol-burumcuk-dokulu-orme-elbise-twoss25el00540-p-887269241
https://www.trendyol-milla.com/trendyolmilla/haki-duz-yarim-patli-maxi-dokuma-elbise-twoss24el00621-p-868679212
https://www.trendyol-milla.com/trendyolmilla/lila-duz-rahat-kesim-volanli-firfirli-mini-dokuma-elbise-twoss25el00427-p-882840108
https://www.trendyol-milla.com/edit-by-trendyol/indigo-kisa-kol-bisiklet-yaka-mini-orme-t-shirt-elbise-tedss25el00008-p-896225023
https://www.trendyol-milla.com/trendyolmilla/kirmizi-asimetrik-yaka-bodycone-vucuda-oturan-mini-orme-elbise-twoss25el00321-p-880052329
https://www.trendyol-milla.com/trendyolmilla/lacivert-dik-yaka-skater-belden-acilan-mini-orme-elbise-twoss25el00359-p-880905835
https://www.trendyol-milla.com/trendyolmilla/siyah-duz-midi-fitilli-a-line-triko-elbise-twoss25el00503-p-884189456
https://www.trendyol-milla.com/trendyolmilla/bordo-vucuda-oturan-degaje-yaka-midi-esnek-orme-kalem-elbise-twoss19ad0020-p-873024061
https://www.trendyol-milla.com/trendyolmilla/indigo-volanli-firfir-detayli-mini-aerobin-dokuma-elbise-twoss25el00427-p-882840115
https://www.trendyol-milla.com/trendyol-curve/siyah-tek-omuz-aksesuar-detayli-orme-hamile-elbise-tbbss25ah00180-p-892175802
https://www.trendyol-milla.com/trendyolmilla/beyaz-duz-etegi-belden-acilan-baglama-detayli-mini-dokuma-elbise-twoss25el00245-p-874393517
https://www.trendyol-milla.com/trendyolmilla/gul-kurusu-baskili-bodycone-vucuda-oturan-buzgu-detayli-orme-esnek-midi-kalem-elbise-twoss23el00751-p-885232428
https://www.trendyol-milla.com/trendyolmilla/haki-cicekli-nakisli-maxi-dokuma-elbise-twoss23el01431-p-868690254
https://www.trendyol-milla.com/edit-by-trendyol/kahverengi-maxi-cizgili-dokuma-elbise-tedss25el00005-p-891700630
https://www.trendyol-milla.com/trendyolmilla/antrasit-bodycone-vucuda-oturan-askili-midi-orme-elbise-twoss25el00164-p-872235999
https://www.trendyol-milla.com/trendyolmilla/siyah-dokuma-detayli-etegi-volanli-shift-duz-kesim-mini-orme-elbise-twoss25el00354-p-881237193
https://www.trendyol-milla.com/trendyol-curve/lacivert-a-line-kisa-kollu-orme-buyuk-beden-elbise-tbbss25ah00114-p-886616550
https://www.trendyol-milla.com/trendyolmilla/bordo-skater-belden-acilan-v-yaka-mini-orme-elbise-twoss25el00358-p-880086226
https://www.trendyol-milla.com/trendyol-curve/sari-hamile-emzirmeye-uygun-askili-belden-baglamali-midi-elbise-tbbss25ah00182-p-891262364
https://www.trendyol-milla.com/trendyolmilla/siyah-duz-vucudu-saran-yirtmac-detayli-midi-dokuma-elbise-twoss25el00623-p-891647900
https://www.trendyol-milla.com/trendyolmilla/kahverengi-vucuda-oturan-maxi-triko-puskullu-plaj-elbisesi-tbess22el2920-p-896469853
https://www.trendyol-milla.com/trendyolmilla/sari-tek-omuz-mini-dokuma-100-pamuk-volanli-plaj-elbisesi-tbess25el00073-p-884517780
https://www.trendyol-milla.com/trendyolmilla/siyah-soyut-desenli-maxi-dokuma-elbise-twoss25el00408-p-883577788
https://www.trendyol-milla.com/trendyol-curve/cok-renkli-hamile-emzirmeye-uygun-askili-belden-baglamali-midi-elbise-tbbss25ah00182-p-891262371
https://www.trendyol-milla.com/trendyolmilla/yesil-cicek-baskili-halter-yaka-esnek-orme-maxi-elbise-twoss24el00558-p-819143253
https://www.trendyol-milla.com/trendyolmilla/pembe-dik-yaka-skater-belden-acilan-mini-orme-elbise-twoss25el00359-p-880905813
https://www.trendyol-milla.com/trendyolmilla/mor-sirt-dekolteli-fitted-vucuda-oturan-orme-esnek-maxi-kalem-elbise-twoss24el00090-p-871971735
https://www.trendyol-milla.com/trendyolmilla/siyah-skater-belden-acilan-v-yaka-mini-orme-elbise-twoss25el00358-p-880086227
https://www.trendyol-milla.com/trendyolmilla/siyah-duz-baglama-detayli-midi-skater-esnek-orme-elbise-twoss25el00673-p-895567698
https://www.trendyol-milla.com/trendyolmilla/yesil-baskili-kare-yaka-skater-belden-acilan-esnek-mini-orme-elbise-twoss25el00330-p-881028943
https://www.trendyol-milla.com/trendyolmilla/kirmizi-baskili-kare-yaka-skater-belden-acilan-esnek-mini-orme-elbise-twoss25el00330-p-881028951
https://www.trendyol-milla.com/trendyolmilla/cok-renkli-a-kesim-animal-desenli-poplin-dokuma-kisa-sik-elbise-tprss25el00278-p-893095340
https://www.trendyol-milla.com/trendyolmilla/yag-yesil-vucudu-saran-buzgulu-aksesuar-detayli-midi-dokuma-elbise-twoss25el00120-p-870855860
https://www.trendyol-milla.com/trendyolmilla/siyah-a-kesim-yaka-detayli-brode-mini-astarli-dokuma-elbise-twoss21el2089-p-868438916
https://www.trendyol-milla.com/trendyolmilla/kahverengi-vucudu-saran-buzgulu-aksesuar-detayli-midi-dokuma-elbise-twoss25el00120-p-870855858
https://www.trendyol-milla.com/trendyol-curve/ekru-tasli-bisiklet-yaka-tuvit-mini-dokuma-buyuk-beden-elbise-tbbss25ah00066-p-879080723
https://www.trendyol-milla.com/trendyolmilla/lacivert-puantiye-desenli-a-kesim-yakasi-baglama-detayli-sifon-dokuma-elbise-twoss25el00259-p-875430569
https://www.trendyol-milla.com/trendyolmilla/siyah-a-kesim-astarli-balon-etek-dantel-orme-kisa-sik-elbise-tprss25el00240-p-886478975
https://www.trendyol-milla.com/trendyolmilla/soyut-desenli-midi-dokuma-100-pamuk-serit-aksesuarli-plaj-elbisesi-tbess25el00063-p-884190497
https://www.trendyol-milla.com/trendyolmilla/ekru-duz-etegi-belden-acilan-fiyonklu-mini-dokuma-elbise-twoss25el00271-p-877555656
https://www.trendyol-milla.com/trendyolmilla/kirmizi-askili-sirt-dekolteli-a-line-can-acilan-esnek-maxi-orme-elbise-twoss25el00539-p-886959556
https://www.trendyol-milla.com/trendyolmilla/pembe-cicek-baskili-askili-v-yaka-buzgulu-vucuda-oturan-esnek-maxi-orme-elbise-twoss25el00474-p-883826280
https://www.trendyol-milla.com/trendyolmilla/siyah-duz-maxi-dik-yaka-piliseli-skater-belden-acilan-orme-elbise-twoss25el00513-p-882710272
https://www.trendyol-milla.com/trendyolmilla/mavi-midi-triko-elbise-twoss25el00307-p-881635475
https://www.trendyol-milla.com/trendyol-curve/kirmizi-karpuz-kollu-maxi-dokuma-buyuk-beden-elbise-tbbss25ah00148-p-887390128
https://www.trendyol-milla.com/trendyolmilla/mavi-mini-askili-volanli-denim-elbise-twoss25el00152-p-869898522
https://www.trendyol-milla.com/trendyolmilla/siyah-vucuda-oturan-dokuma-sik-kisa-elbise-tprss25el00154-p-881680221
https://www.trendyol-milla.com/trendyolmilla/siyah-mini-dokuma-baglamali-flamli-pamuk-plaj-elbisesi-tbess25el00085-p-886983151
https://www.trendyol-milla.com/trendyolmilla/siyah-maxi-dokuma-plaj-elbisesi-tbess24el00098-p-855615087
https://www.trendyol-milla.com/trendyolmilla/siyah-midi-dokuma-100-pamuk-yirtmacli-plaj-elbisesi-tbess25el00050-p-877163978
https://www.trendyol-milla.com/trendyol-curve/lacivert-askili-a-line-dokuma-midi-buyuk-beden-elbise-tbbss25ah00153-p-887394862
https://www.trendyol-milla.com/trendyol-curve/cok-renkli-sifon-dokuma-buyuk-beden-elbise-p-887220397
https://www.trendyol-milla.com/trendyolmilla/yag-yesil-duz-midi-dokuma-elbise-twoss23el00027-p-868698504
https://www.trendyol-milla.com/trendyolmilla/lila-duz-etegi-belden-acilan-baglama-detayli-mini-dokuma-elbise-twoss25el00245-p-874393514
https://www.trendyol-milla.com/trendyolmilla/siyah-dugme-detayli-etegi-belden-acilan-midi-dokuma-elbise-twoss25el00213-p-874394708
https://www.trendyol-milla.com/trendyolmilla/siyah-etegi-belden-acilan-pamuk-karisimli-maxi-dokuma-elbise-twoss24el00386-p-868438272
https://www.trendyol-milla.com/trendyol-curve/antrasit-yikamali-kaskorse-orme-buyuk-beden-elbise-tbbss25ah00113-p-887164052
https://www.trendyol-milla.com/trendyolmilla/siyah-mini-dokuma-100-pamuklu-balon-kollu-plaj-elbisesi-tbess25el00034-p-873065318
https://www.trendyol-milla.com/trendyolmilla/kahverengi-duz-kesim-dugum-detayli-maxi-dokuma-elbise-twoss25el00145-p-869915709
https://www.trendyol-milla.com/trendyolmilla/tropikal-desenli-maxi-dokuma-100-pamuk-puskullu-plaj-elbisesi-tbess25el00046-p-875935162
https://www.trendyol-milla.com/trendyol-curve/lacivert-100-pamuk-sirt-dekolteli-gipeli-poplin-dokuma-buyuk-beden-elbise-tbbss25ah00028-p-870978348
https://www.trendyol-milla.com/trendyolmilla/ekru-a-kesim-pili-ve-kemer-detayli-poplin-midi-dokuma-elbise-p-867563426
https://www.trendyol-milla.com/trendyol-curve/acik-sari-belde-ayarlanabilir-aksesuarli-midi-boy-dokuma-buyuk-beden-elbise-tbbss25ah00100-p-879068740
https://www.trendyol-milla.com/trendyolmilla/siyah-dokuma-puskullu-plaj-elbisesi-tbess25el00059-p-881852723
https://www.trendyol-milla.com/trendyolmilla/siyah-duz-kesim-tas-aksesuar-detayli-mini-dokuma-elbise-twoss25el00293-p-878147086
https://www.trendyol-milla.com/trendyolmilla/acik-mavi-animal-kusakli-midi-dokuma-elbise-twoss20el1559-p-869407395
https://www.trendyol-milla.com/trendyolmilla/murdum-dokulu-kumas-fitted-vucuda-oturan-ay-kol-esnek-orme-midi-kalem-elbise-twoss24el00103-p-873124903
https://www.trendyol-milla.com/trendyolmilla/sari-a-kesim-mini-pamuklu-pencere-cut-out-detayli-detayli-kare-yaka-dokuma-elbise-twoss23el00596-p-868740109
https://www.trendyol-milla.com/trendyol-curve/fusya-duz-yirtmacli-maxi-piliseli-a-line-esnek-orme-elbise-tbbss25ah00128-p-892241155
https://www.trendyol-milla.com/trendyol-curve/pembe-kruvaze-yaka-cicek-desenli-tul-skater-mini-orme-buyuk-beden-elbise-tbbss25ah00193-p-892799017
https://www.trendyol-milla.com/trendyol-curve/bordo-tek-kol-vucuda-oturan-aksesuar-detayli-tul-esnek-orme-kalem-elbise-tbbss25ah00116-p-892237387
https://www.trendyol-milla.com/edit-by-trendyol/tarcin-v-yaka-balon-kol-kusakli-skater-belden-acilan-mini-orme-elbise-tedss25el00009-p-896224807
https://www.trendyol-milla.com/trendyolmilla/fusya-a-kesim-mini-pamuklu-pencere-cut-out-detayli-kare-yaka-dokuma-elbise-twoss23el00596-p-868740127
https://www.trendyol-milla.com/trendyol-curve/siyah-boyundan-baglamali-a-line-orme-buyuk-beden-elbise-tbbss25ah00177-p-892246100
https://www.trendyol-milla.com/trendyol-curve/antrasit-dokumlu-rahat-modal-suprem-orme-buyuk-beden-elbise-tbbss25ah00138-p-888360819
https://www.trendyol-milla.com/trendyol-curve/gri-keten-gorunumlu-dokuma-buyuk-beden-elbise-p-891244543
https://www.trendyol-milla.com/trendyol-curve/mor-sifon-dokuma-buyuk-beden-elbise-p-891263363
https://www.trendyol-milla.com/trendyol-curve/cok-renkli-cicekli-sifon-firfirli-midi-dokuma-buyuk-beden-elbise-tbbss25ah00162-p-891246931
https://www.trendyol-milla.com/trendyol-curve/siyah-finike-dokuma-buyuk-beden-elbise-p-887221021
https://www.trendyol-milla.com/trendyol-curve/murdum-degaje-yaka-orme-buyuk-beden-tul-elbise-tbbss25ah00011-p-897198021
https://www.trendyol-milla.com/trendyolmilla/vizon-duz-midi-dokuma-elbise-twoss25el00745-p-895366489
https://www.trendyol-milla.com/trendyolmilla/pembe-duz-midi-dokuma-elbise-twoss23el00156-p-869878905
https://www.trendyol-milla.com/trendyolmilla/pembe-brode-skater-belden-acilan-balon-kollu-mini-astarli-dokuma-elbise-twoss22el00792-p-868440588
https://www.trendyol-milla.com/trendyol-curve/bordo-boyundan-baglamali-a-line-orme-buyuk-beden-elbise-tbbss25ah00177-p-892246097
https://www.trendyol-milla.com/trendyolmilla/tarcin-a-kesim-aksesuar-detayli-midi-elif-dokuma-elbise-twoss25el00456-p-888835337
https://www.trendyol-milla.com/trendyolmilla/pembe-duz-etegi-belden-acilan-yaka-detayli-mini-dokuma-elbise-twoss25el00130-p-869871781
https://www.trendyol-milla.com/trendyolmilla/fusya-duz-kemerli-midi-dokuma-elbise-twoss23el01123-p-868569176
https://www.trendyol-milla.com/trendyolmilla/lacivert-cicekli-a-kesim-mini-dokuma-elbise-twoss25el00457-p-885456975
https://www.trendyol-milla.com/trendyol-curve/mavi-cicek-baskili-orme-tul-buyuk-beden-elbise-tbbss25ah00117-p-887173522
https://www.trendyol-milla.com/trendyolmilla/kiremit-maxi-triko-genis-kalip-yumusak-dokulu-elbise-twoaw24el00056-p-811446220
https://www.trendyol-milla.com/trendyolmilla/siyah-kemerli-duz-mini-dokuma-elbise-twoss25el00429-p-883613872
https://www.trendyol-milla.com/trendyolmilla/mavi-yirtmacli-onden-dugmeli-midi-denim-elbise-twoss25el00594-p-892369310
https://www.trendyol-milla.com/trendyolmilla/lila-duz-etegi-belden-acilan-brode-astarli-mini-dokuma-elbise-twoss25el00317-p-877498468
https://www.trendyol-milla.com/trendyolmilla/yesil-animal-a-kesim-maxi-dokuma-elbise-twoss23el01892-p-868701635
https://www.trendyol-milla.com/trendyolmilla/lacivert-cicekli-gipeli-mini-dokuma-elbise-twoss25el00400-p-883628037
https://www.trendyol-milla.com/trendyolmilla/beyaz-duz-volanli-firfirli-mini-esnek-orme-elbise-twoss25el00388-p-880092399
https://www.trendyol-milla.com/trendyol-curve/siyah-sifon-firfirli-midi-dokuma-buyuk-beden-elbise-tbbss25ah00162-p-891246928
https://www.trendyol-milla.com/trendyolmilla/kahverengi-a-kesim-v-yaka-dokuma-detayli-burumcuk-orme-sik-elbise-tprss25el00086-p-871964111
https://www.trendyol-milla.com/trendyol-curve/siyah-duz-midi-yaka-detayli-krep-esnek-orme-elbise-tbbss25ah00129-p-892243256
https://www.trendyol-milla.com/trendyolmilla/lacivert-duz-genis-kesim-mini-100-viskon-dokuma-elbise-twoss25el00546-p-887551840
https://www.trendyol-milla.com/trendyolmilla/mavi-cok-renkli-a-kesim-astarli-volanli-sifon-dokuma-kisa-sik-elbise-tprss23el00096-p-889630001
https://www.trendyol-milla.com/trendyolmilla/siyah-renk-bloklu-polo-yaka-skater-belden-acilan-mini-orme-elbise-twoss25el00376-p-882080101
https://www.trendyol-milla.com/trendyolmilla/bordo-renk-bloklu-polo-yaka-skater-belden-acilan-mini-orme-elbise-twoss25el00376-p-882080098
https://www.trendyol-milla.com/trendyolmilla/siyah-mini-dokuma-plaj-elbisesi-tbess25el00090-p-887389309
https://www.trendyol-milla.com/trendyol-curve/kahverengi-v-yaka-modal-esnek-dokumlu-orme-buyuk-beden-elbise-tbbss25ah00207-p-894949935
https://www.trendyol-milla.com/edit-by-trendyol/kirmizi-cicekli-midi-dokuma-elbise-tedss25el00010-p-895370483
https://www.trendyol-milla.com/trendyolmilla/siyah-a-kesim-balon-etek-dokuma-kisa-sik-elbise-tprss25el00266-p-888037870
https://www.trendyol-milla.com/trendyolmilla/cok-renkli-cicekli-straplez-poplin-dokuma-midi-sik-elbise-tprss25el00275-p-888620302
https://www.trendyol-milla.com/trendyolmilla/siyah-ay-kol-buzgu-drape-detayli-vucuda-oturan-esnek-maxi-orme-elbise-twoss25el00666-p-895479228
https://www.trendyol-milla.com/trendyol-curve/kiremit-muslin-dokulu-kumas-askili-maxi-boy-plaj-giyim-buyuk-beden-elbise-tbbss25ah00096-p-880397238
https://www.trendyol-milla.com/trendyol-curve/cok-renkli-etegi-firfirli-ip-askili-dokuma-buyuk-beden-elbise-tbbss25ah00081-p-885447819
https://www.trendyol-milla.com/trendyol-curve/lacivert-dugme-detayli-midi-boy-triko-elbise-tbbss25ah00120-p-883596177
https://www.trendyol-milla.com/trendyol-curve/antrasit-muslin-dokulu-kumas-askili-maxi-boy-plaj-giyim-buyuk-beden-elbise-tbbss25ah00096-p-880397226
https://www.trendyol-milla.com/trendyolmilla/siyah-tek-kol-tas-aksesuar-detayli-sik-kisa-elbise-tprss25el00166-p-881868055
https://www.trendyol-milla.com/trendyolmilla/pembe-cok-renkli-cicekli-astarli-sifon-dokuma-midi-sik-elbise-tprss25el00215-p-886579049
https://www.trendyol-milla.com/trendyol-curve/siyah-dugmeli-poplin-dokuma-buyuk-beden-elbise-tbbss25ah00161-p-887400177
https://www.trendyol-milla.com/trendyolmilla/siyah-vucuda-oturan-aksesuar-detayli-dokuma-kisa-sik-elbise-tprss25el00197-p-884437640
https://www.trendyol-milla.com/trendyol-curve/siyah-yazlik-kolsuz-midi-dokuma-buyuk-beden-elbise-tbbss25ah00033-p-870973347
https://www.trendyol-milla.com/trendyolmilla/ekru-maxi-dokuma-aksesuarli-plaj-elbisesi-tbess25el00060-p-881905885
https://www.trendyol-milla.com/trendyolmilla/siyah-duz-kesim-firfirli-mini-dokuma-elbise-twoss25el00210-p-876786541
https://www.trendyol-milla.com/trendyolmilla/tas-genis-kesim-orme-mixli-mini-dokuma-elbise-twoss25el00034-p-872973930
https://www.trendyol-milla.com/trendyolmilla/beyaz-duz-etegi-belden-acilan-poplin-midi-dokuma-elbise-twoss25el00037-p-864793797
https://www.trendyol-milla.com/trendyolmilla/tropikal-desenli-mini-dokuma-100-pamuklu-plaj-elbisesi-tbess25el00027-p-858493782
https://www.trendyol-milla.com/trendyolmilla/siyah-fusya-vucuda-oturan-balon-etek-detayli-sik-kisa-elbise-tprss25el00096-p-874867824
https://www.trendyol-milla.com/trendyolmilla/siyah-cikarilabilir-boyun-aksesuarli-dokuma-elbise-tprss25el00030-p-866170375
https://www.trendyol-milla.com/trendyolmilla/siyah-etegi-belden-acilan-fiyonklu-poplin-midi-dokuma-elbise-twoss25el00052-p-864792182
https://www.trendyol-milla.com/trendyolmilla/lacivert-duz-midi-dokuma-elbise-twoaw24el00422-p-861231363
https://www.trendyol-milla.com/trendyolmilla/siyah-vucuda-oturan-tul-orme-sik-elbise-tprss25el00097-p-874868976
https://www.trendyol-milla.com/trendyolmilla/siyah-sirt-detayli-dokuma-sik-kisa-elbise-tprss25el00125-p-878711154
https://www.trendyol-milla.com/trendyolmilla/lacivert-puantiyeli-a-kesim-yakasi-fularli-maxi-dokuma-elbise-twoss25el00290-p-878982975
https://www.trendyol-milla.com/trendyolmilla/lacivert-duz-rahat-kesim-v-yaka-mini-dokuma-elbise-twoss25el00049-p-864796969
https://www.trendyol-milla.com/trendyolmilla/siyah-vucuda-oturan-carmen-yaka-fiyonklu-dokuma-kisa-sik-elbise-tprss25el00223-p-886567028
https://www.trendyol-milla.com/trendyolmilla/cok-renkli-a-kesim-degaje-yaka-cicek-desenli-piliseli-orme-sik-elbise-tprss25el00088-p-871972197
https://www.trendyol-milla.com/trendyolmilla/siyah-baglama-detayli-dokuma-sik-kisa-elbise-tprss25el00200-p-885622713
https://www.trendyol-milla.com/trendyolmilla/siyah-a-kesim-carmen-yaka-fiyonklu-dokuma-midi-sik-elbise-tprss25el00213-p-886578004
https://www.trendyol-milla.com/trendyolmilla/bordo-vucudu-oturan-dokuma-sik-midi-elbise-tprss25el00209-p-885278282
https://www.trendyol-milla.com/trendyolmilla/siyah-vucuda-oturan-tas-aksesuar-detayli-dokuma-elbise-tprss25el00138-p-876859845
https://www.trendyol-milla.com/trendyolmilla/yesil-maxi-dokuma-aksesuarli-plaj-elbisesi-tbess25el00060-p-889638358
https://www.trendyol-milla.com/trendyolmilla/antrasit-premium-iplik-ozel-iplik-mini-kemer-detayli-pileli-triko-elbise-twoss25el00334-p-877515447
https://www.trendyol-milla.com/trendyol-curve/cok-renkli-dik-yaka-balon-kol-midi-lilyum-dokuma-buyuk-beden-elbise-tbbss25ah00159-p-887402160
https://www.trendyol-milla.com/trendyol-curve/camel-dugmeli-poplin-dokuma-buyuk-beden-elbise-tbbss25ah00161-p-887400180
https://www.trendyol-milla.com/trendyol-curve/acik-yesil-saten-piliseli-asimetrik-kesim-astarli-dokuma-elbise-tbbss24ah00155-p-870710540
https://www.trendyol-milla.com/trendyolmilla/pembe-cicek-desenli-etegi-belden-acilan-firfirli-mini-dokuma-elbise-twoss25el00446-p-884232785
https://www.trendyol-milla.com/trendyolmilla/acik-mavi-a-kesim-pariltili-dokuma-sik-elbise-tprss25el00045-p-866775688
https://www.trendyol-milla.com/trendyolmilla/mavi-duz-maxi-fitilli-a-line-triko-elbise-twoss25el00501-p-882776924
https://www.trendyol-milla.com/trendyolmilla/kahverengi-midi-dik-yaka-buzgulu-triko-elbise-twoss25el00305-p-882719518
https://www.trendyol-milla.com/trendyol-curve/siyah-dikis-ve-yirtmac-detayli-midi-triko-elbise-tbbss25ah00092-p-879476821
https://www.trendyol-milla.com/trendyol-curve/kirmizi-dikis-ve-yirtmac-detayli-midi-triko-elbise-tbbss25ah00092-p-879476800
https://www.trendyol-milla.com/trendyolmilla/lila-animal-desenli-skater-midi-dokuma-elbise-twoss24el00949-p-819033065
https://www.trendyol-milla.com/trendyol-curve/haki-fermuar-yakali-yumusak-kemerli-midi-dokuma-buyuk-beden-elbise-tbbss25ah00103-p-885446163
https://www.trendyol-milla.com/trendyol-curve/antrasit-bisiklet-yaka-yanlari-fermuarli-denim-buyuk-beden-elbise-tbbss25ah00089-p-877585201
https://www.trendyol-milla.com/trendyol-curve/haki-kolsuz-kusakli-mini-dokuma-buyuk-beden-gomlek-elbise-tbbss25ah00060-p-876765527
https://www.trendyol-milla.com/trendyolmilla/lila-vucuda-oturan-dokuma-midi-sik-elbise-tprss25el00222-p-886461849
https://www.trendyol-milla.com/trendyolmilla/pembe-a-kesim-dokuma-midi-sik-elbise-tprss25el00201-p-885622914
https://www.trendyol-milla.com/trendyolmilla/siyah-vucuda-oturan-otris-detayli-dokuma-kisa-sik-elbise-tprss25el00195-p-884437426
https://www.trendyol-milla.com/trendyolmilla/siyah-beyaz-a-kesim-saten-dokuma-midi-sik-elbise-tprss25el00172-p-881852808
https://www.trendyol-milla.com/trendyolmilla/cok-renkli-vucuda-oturan-firfirli-cicek-desenli-dokuma-kisa-sik-elbise-tprss25el00171-p-881774213
https://www.trendyol-milla.com/trendyolmilla/siyah-vucuda-oturan-gul-detayli-dokuma-sik-kisa-elbise-tprss25el00128-p-878709006
https://www.trendyol-milla.com/trendyolmilla/lila-a-kesim-korse-gorunumlu-dokuma-midi-sik-elbise-tprss25el00109-p-874960447
https://www.trendyol-milla.com/trendyolmilla/cok-renkli-a-kesim-cicek-desenli-sifon-dokuma-sik-elbise-tprss25el00098-p-874868806
https://www.trendyol-milla.com/trendyolmilla/siyah-vucuda-oturan-straplez-payet-orme-sik-abiye-elbise-tprss25el00122-p-874868547
https://www.trendyol-milla.com/trendyolmilla/cok-renkli-vucuda-oturan-straplez-buzgulu-desenli-orme-sik-elbise-tprss25el00070-p-871972041
https://www.trendyol-milla.com/trendyolmilla/siyah-carmen-yaka-dokuma-sik-elbise-tprss25el00087-p-871962332
https://www.trendyol-milla.com/trendyolmilla/siyah-a-kesim-gul-detayli-v-yaka-astarli-sifon-dokuma-sik-elbise-tprss25el00043-p-866778194
https://www.trendyol-milla.com/trendyolmilla/siyah-vucuda-oturan-tas-aksesuar-detayli-sik-abiye-elbise-tprss25el00047-p-866769185
https://www.trendyol-milla.com/trendyolmilla/lila-duz-kesim-nakis-detayli-midi-dokuma-elbise-twoss25el00061-p-869203702
https://www.trendyol-milla.com/trendyolmilla/siyah-duz-vucudu-saran-fermuarli-mini-dokuma-elbise-twoss25el00449-p-883809796
https://www.trendyol-milla.com/trendyolmilla/pembe-tas-baski-dokuma-kisa-sik-sik-elbise-tprss25el00216-p-886577641
https://www.trendyol-milla.com/trendyol-curve/beyaz-crinkle-brode-detayli-mini-plaj-giyim-buyuk-beden-elbise-tbbss25ah00086-p-877224593
https://www.trendyol-milla.com/trendyolmilla/siyah-a-kesim-straplez-fiyonk-detayli-dokuma-kisa-sik-elbise-tprss25el00068-p-871971415
https://www.trendyol-milla.com/trendyolmilla/indigo-brode-skater-belden-acilan-mini-astarli-dokuma-elbise-twoss22el00697-p-868439535
https://www.trendyol-milla.com/trendyolmilla/mavi-cizgili-etegi-belden-acilan-gipeli-mini-dokuma-elbise-twoss25el00203-p-886994367
https://www.trendyol-milla.com/trendyol-curve/mavi-cicek-desenli-yakasi-firfir-detayli-tul-mini-orme-buyuk-beden-elbise-tbbss25ah00191-p-892799285
https://www.trendyol-milla.com/trendyolmilla/kirmizi-dugmeli-mini-dokuma-ceket-elbise-twoss25el00117-p-870863180
https://www.trendyol-milla.com/trendyol-curve/siyah-beyaz-cicekli-kolsuz-shift-mini-buyuk-beden-elbise-tbbss25ah00070-p-879079524
https://www.trendyol-milla.com/trendyolmilla/siyah-3-boyutlu-gul-detayli-mini-sik-elbise-tprss25el00129-p-878086471
https://www.trendyol-milla.com/trendyolmilla/pembe-maxi-dokuma-sirt-dekolteli-muslin-plaj-elbisesi-tbess25el00070-p-884105481
https://www.trendyol-milla.com/trendyolmilla/kirmizi-duz-midi-polo-yaka-triko-elbise-twoss25el00488-p-883168959
https://www.trendyol-milla.com/trendyol-curve/vizon-kolu-firfirli-dantel-serit-detayli-mini-buyuk-beden-plaj-elbisesi-tbbss24ah00134-p-890215648
https://www.trendyol-milla.com/trendyolmilla/turkuaz-maxi-dokuma-100-pamuk-buzgu-detayli-plaj-elbisesi-tbess25el00017-p-858539091
https://www.trendyol-milla.com/trendyolmilla/ekru-a-kesim-cicekli-nakis-detayli-mini-dokuma-elbise-twoss25el00432-p-883811016
https://www.trendyol-milla.com/trendyolmilla/beyaz-mini-dokuma-dantelli-flamli-pamuk-plaj-elbisesi-tbess25el00005-p-858158710
https://www.trendyol-milla.com/trendyolmilla/kemik-cizgili-midi-cizgili-etek-ucu-volanli-triko-elbise-twoss25el00502-p-884101951
https://www.trendyol-milla.com/trendyolmilla/kirmizi-dugme-detayli-etegi-belden-acilan-midi-dokuma-elbise-twoss25el00213-p-874394856
https://www.trendyol-milla.com/trendyolmilla/ekru-cicekli-etegi-belden-acilan-mini-100-pamuk-dokuma-elbise-twoss25el00197-p-876805321
https://www.trendyol-milla.com/trendyolmilla/sari-baglama-detayli-dokuma-sik-kisa-elbise-tprss25el00200-p-885622714
https://www.trendyol-milla.com/trendyolmilla/siyah-a-kesim-dugme-detayli-mini-dokuma-elbise-twoss25el00028-p-867097879
https://www.trendyol-milla.com/trendyolmilla/lacivert-desenli-halter-yaka-a-kesim-saten-mini-dokuma-elbise-twoss20el2490-p-869872121
https://www.trendyol-milla.com/trendyol-curve/turuncu-duz-anvelop-midi-dokuma-buyuk-beden-elbise-tbbss22el1564-p-870709364
https://www.trendyol-milla.com/trendyolmilla/cok-renkli-a-kesim-straplez-dokuma-sik-abiye-elbise-tprss24el00139-p-879570871
https://www.trendyol-milla.com/trendyolmilla/yesil-soyut-etegi-belden-acilan-gipeli-mini-dokuma-elbise-twoss25el00492-p-887495974
https://www.trendyol-milla.com/trendyolmilla/siyah-a-kesim-straplez-dokuma-kisa-sik-elbise-tprss25el00008-p-866767839
https://www.trendyol-milla.com/trendyolmilla/mavi-cicek-desenli-etegi-belden-acilan-firfir-detayli-mini-dokuma-elbise-twoss25el00423-p-883248079
https://www.trendyol-milla.com/trendyol-curve/pembe-cicek-desenli-a-line-orme-buyuk-beden-elbise-tbbss25ah00127-p-888386896
https://www.trendyol-milla.com/trendyolmilla/siyah-vucuda-oturan-payet-detayli-dokuma-mini-sik-elbise-tprss25el00204-p-885623096
